1 55 1
1 109 1
1 213 1
1 260 1
1 261 2
1 342 1
1 401 2
1 688 1
1 958 5
1 1062 1
1 1184 1
1 1316 2
1 1565 1
1 1598 2
1 1672 1
1 2492 5
1 2537 1
1 2793 1
1 2826 5
1 2870 1
1 2949 4
1 2977 1
1 2991 1
1 3055 2
1 3216 1
1 3331 1
1 3355 1
1 3371 2
1 3560 2
1 3733 1
1 3870 1
1 3942 1
1 4188 1
1 4359 1
1 4392 2
1 4441 1
1 4530 1
1 4542 1
1 4543 1
1 4558 1
1 4650 1
1 4933 1
1 5039 1
1 5108 1
1 5345 3
1 5346 1
1 5392 1
1 5470 1
1 6141 2
1 6183 3
1 6477 1
1 6641 1
1 6702 1
1 6732 2
1 7022 1
1 7125 1
1 7255 1
1 7353 1
1 7514 1
1 7587 1
1 7624 1
1 7750 2
1 7867 1
1 7888 1
1 7997 1
1 8016 1
1 8323 1
1 8423 4
1 8495 2
1 8585 1
1 8606 1
1 8844 1
1 8867 1
1 9235 1
1 9240 1
1 9245 1
1 9423 1
1 9614 1
1 9628 1
1 10082 1
1 10239 1
1 10382 3
1 10470 1
1 10883 1
1 11448 1
1 11452 1
1 12017 1
1 12107 2
1 12175 2
1 12300 1
1 12381 1
1 12386 1
1 12540 1
1 12569 1
1 12799 2
1 12838 1
1 12917 1
1 12927 3
1 13250 1
1 13338 1
1 13390 2
1 13564 1
1 13776 3
1 13934 1
1 13993 1
1 14277 1
1 14307 2
1 14308 1
1 14416 2
1 14854 2
1 15021 1
1 15090 1
1 15183 1
1 15195 8
1 15390 1
1 15436 1
1 15442 1
1 15590 5
1 15705 1
1 15706 1
1 15878 1
1 15883 1
1 15932 6
1 16045 1
1 16136 7
1 16367 2
1 16638 1
1 16726 1
1 16747 1
1 17028 1
1 17110 4
1 17168 4
1 17272 1
1 17345 2
1 17375 1
1 17379 1
1 17542 1
1 17553 1
1 17697 1
1 17759 1
1 17803 1
1 17852 1
1 17866 1
1 17883 1
1 17939 1
1 18002 1
1 18065 1
1 18091 1
1 18094 1
1 18126 1
1 18576 2
1 18628 1
1 18893 2
1 18955 4
1 19050 1
1 19100 3
1 19330 1
1 19336 1
1 19462 1
1 19667 1
1 19723 1
1 19811 1
1 19817 1
1 19829 1
1 19906 1
1 19969 1
1 19991 1
1 20036 1
1 20168 1
1 20284 2
1 20399 1
1 20442 2
1 20511 2
1 20529 1
1 20716 2
1 20900 1
1 20972 2
1 21117 1
1 21195 1
1 21374 1
1 21712 1
1 21795 1
1 21824 1
1 22001 1
1 22105 1
1 22343 1
1 22359 1
1 22504 3
1 22546 1
1 22955 1
1 23003 1
1 23319 1
1 23334 1
1 23337 1
1 23417 3
1 23472 1
1 23644 1
1 23651 3
1 23681 2
2 343 1
2 1622 1
2 1656 1
2 1815 1
2 2870 2
2 3454 1
2 5153 4
2 5389 1
2 5603 1
2 6165 1
2 6307 1
2 6522 1
2 7147 1
2 7526 1
2 8707 1
2 10111 1
2 11538 1
2 13181 1
2 13776 1
2 14300 1
2 14608 1
2 15590 1
2 15878 1
2 15947 1
2 15978 1
2 16430 1
2 16586 1
2 16609 1
2 16754 1
2 17805 1
2 19234 1
2 22180 3
3 76 1
3 201 1
3 205 1
3 234 1
3 358 4
3 660 1
3 681 1
3 953 1
3 1184 1
3 1377 1
3 2870 3
3 2875 1
3 2898 1
3 3560 2
3 3820 1
3 3858 1
3 3942 3
3 4530 1
3 4558 1
3 4570 1
3 4573 1
3 4826 1
3 4856 2
3 5011 1
3 5359 1
3 5419 1
3 5770 1
3 5771 1
3 5865 1
3 6074 1
3 7015 1
3 7020 1
3 7213 2
3 7587 1
3 7620 1
3 7792 1
3 7963 1
3 8155 1
3 9245 2
3 9614 1
3 10469 1
3 10502 1
3 10754 1
3 11025 1
3 11104 5
3 11105 4
3 11866 1
3 12254 1
3 12300 1
3 12381 1
3 12564 1
3 12808 1
3 13542 1
3 13776 1
3 14747 1
3 14854 2
3 14991 1
3 15815 1
3 16181 3
3 16182 1
3 16431 1
3 16711 1
3 16723 1
3 16726 1
3 16877 1
3 16882 1
3 16995 2
3 17300 1
3 17375 1
3 17702 1
3 17703 1
3 17759 1
3 18068 1
3 19043 1
3 19667 1
3 19823 1
3 20036 2
3 20238 1
3 20331 1
3 20398 1
3 20716 2
3 21117 1
3 21310 1
3 21393 1
3 21844 1
3 22025 3
3 22149 1
3 22764 1
3 23114 1
3 23396 1
3 23435 1
3 23451 1
3 23461 2
3 23605 1
3 23651 1
4 1465 1
4 2189 1
4 3314 1
4 3331 1
4 3357 1
4 3371 1
4 3858 1
4 4804 2
4 7144 1
4 7810 1
4 7963 2
4 7978 1
4 9646 1
4 9651 1
4 12416 2
4 12593 1
4 13255 1
4 13284 1
4 13586 1
4 13993 1
4 15708 1
4 15815 1
4 16004 1
4 17451 1
4 19071 3
4 20163 1
4 21462 1
4 22196 1
4 22696 3
4 23069 1
4 23509 1
4 23588 1
5 49 1
5 55 1
5 76 1
5 87 1
5 103 19
5 108 1
5 109 1
5 160 1
5 202 2
5 203 1
5 204 1
5 208 2
5 247 1
5 308 2
5 317 1
5 339 2
5 389 1
5 415 1
5 431 2
5 456 1
5 658 2
5 681 2
5 697 1
5 709 1
5 749 1
5 793 1
5 803 1
5 953 1
5 987 1
5 1067 1
5 1072 3
5 1074 1
5 1097 1
5 1110 1
5 1224 2
5 1267 5
5 1303 1
5 1316 2
5 1319 6
5 1361 1
5 1384 1
5 1445 1
5 1471 1
5 1489 1
5 1591 1
5 1610 1
5 1677 1
5 1689 1
5 1778 5
5 1826 1
5 1910 1
5 1917 2
5 1946 1
5 1978 1
5 2042 1
5 2170 2
5 2179 1
5 2185 1
5 2335 1
5 2454 1
5 2486 1
5 2618 1
5 2795 1
5 2870 1
5 2889 1
5 3049 6
5 3107 3
5 3149 2
5 3243 1
5 3245 1
5 3284 2
5 3426 12
5 3495 1
5 3512 1
5 3552 1
5 3560 3
5 3590 2
5 3602 2
5 3647 1
5 3652 1
5 3768 1
5 3771 1
5 3815 1
5 3856 1
5 3876 1
5 3907 2
5 3909 1
5 3929 1
5 3946 1
5 3991 1
5 4021 2
5 4052 1
5 4087 3
5 4089 1
5 4259 1
5 4282 1
5 4354 1
5 4398 1
5 4403 1
5 4430 1
5 4461 1
5 4485 1
5 4543 1
5 4557 1
5 4558 1
5 4562 1
5 4570 3
5 4591 1
5 4614 1
5 4791 1
5 4800 1
5 4845 1
5 4899 1
5 4911 1
5 4998 1
5 5011 1
5 5036 2
5 5039 1
5 5051 1
5 5078 1
5 5085 1
5 5148 1
5 5259 1
5 5341 1
5 5478 2
5 5539 1
5 5541 3
5 5545 1
5 5554 1
5 5684 2
5 5695 2
5 5715 1
5 5746 1
5 5768 1
5 5794 1
5 5953 3
5 6030 1
5 6161 1
5 6162 1
5 6265 1
5 6273 7
5 6280 2
5 6296 1
5 6541 1
5 6589 1
5 6643 9
5 6830 2
5 6832 1
5 6852 1
5 6904 1
5 6917 1
5 7000 2
5 7002 1
5 7015 1
5 7036 1
5 7058 3
5 7135 1
5 7138 1
5 7147 2
5 7203 1
5 7243 1
5 7286 2
5 7354 2
5 7372 1
5 7387 2
5 7400 1
5 7409 1
5 7587 2
5 7624 2
5 7715 1
5 7792 4
5 7816 1
5 7832 1
5 7869 1
5 7875 1
5 7881 2
5 7994 1
5 8010 1
5 8103 1
5 8255 1
5 8308 1
5 8381 1
5 8423 2
5 8429 1
5 8496 1
5 8511 1
5 8565 2
5 8606 2
5 8668 4
5 8685 1
5 8724 1
5 8735 2
5 8747 1
5 8768 1
5 8996 1
5 9002 2
5 9042 1
5 9044 1
5 9045 1
5 9077 1
5 9186 1
5 9245 2
5 9247 1
5 9352 1
5 9511 1
5 9628 1
5 9955 1
5 9971 1
5 9975 2
5 9976 1
5 10020 2
5 10027 1
5 10084 1
5 10097 1
5 10124 1
5 10221 3
5 10239 1
5 10245 1
5 10315 1
5 10357 1
5 10365 1
5 10453 1
5 10470 1
5 10471 1
5 10541 2
5 10726 1
5 10738 3
5 10874 1
5 11024 1
5 11126 4
5 11133 1
5 11315 1
5 11316 1
5 11425 2
5 11451 1
5 11521 1
5 11522 1
5 11533 3
5 11538 1
5 11680 1
5 11753 1
5 11754 1
5 11772 1
5 11837 3
5 11880 3
5 11887 1
5 11931 2
5 11975 2
5 11978 1
5 11980 1
5 12032 1
5 12097 2
5 12103 1
5 12254 2
5 12256 1
5 12276 1
5 12322 1
5 12328 5
5 12406 2
5 12411 2
5 12416 1
5 12464 4
5 12526 1
5 12531 1
5 12569 1
5 12927 1
5 13068 2
5 13099 1
5 13135 1
5 13140 1
5 13163 1
5 13171 3
5 13232 1
5 13251 1
5 13350 1
5 13461 1
5 13489 1
5 13540 2
5 13549 1
5 13586 2
5 13654 1
5 13699 1
5 13774 1
5 13862 2
5 13900 1
5 13937 1
5 13993 1
5 14007 1
5 14101 1
5 14180 1
5 14184 1
5 14231 3
5 14232 1
5 14239 1
5 14289 1
5 14360 1
5 14411 1
5 14432 1
5 14434 2
5 14444 1
5 14554 1
5 14647 2
5 14703 2
5 14714 1
5 14747 1
5 14749 1
5 14796 6
5 14819 2
5 14861 1
5 14926 2
5 14986 1
5 15040 2
5 15090 2
5 15112 1
5 15155 1
5 15212 1
5 15307 1
5 15520 6
5 15537 1
5 15562 8
5 15592 3
5 15658 1
5 15763 3
5 15807 2
5 15823 1
5 15848 1
5 15864 1
5 15872 1
5 15916 4
5 15917 3
5 15978 1
5 15997 1
5 15998 1
5 16054 1
5 16128 1
5 16134 1
5 16136 1
5 16169 1
5 16171 1
5 16181 1
5 16237 1
5 16318 1
5 16341 1
5 16353 1
5 16364 1
5 16366 1
5 16443 1
5 16598 1
5 16609 1
5 16711 1
5 16741 1
5 16745 1
5 16751 2
5 16754 1
5 16815 4
5 16830 1
5 16834 1
5 16861 1
5 16886 2
5 16926 1
5 16927 1
5 16936 1
5 16999 2
5 17091 1
5 17094 1
5 17110 2
5 17120 1
5 17122 1
5 17133 1
5 17145 1
5 17160 1
5 17161 1
5 17187 1
5 17214 2
5 17249 2
5 17251 2
5 17259 1
5 17304 1
5 17306 1
5 17326 1
5 17353 1
5 17376 2
5 17379 1
5 17383 1
5 17501 3
5 17523 1
5 17764 1
5 17766 2
5 17800 1
5 17817 1
5 17843 1
5 17883 6
5 18049 1
5 18065 2
5 18150 1
5 18359 1
5 18455 3
5 18615 2
5 18641 1
5 18707 8
5 18821 3
5 18831 1
5 18843 2
5 18851 1
5 18854 1
5 18967 1
5 19050 1
5 19067 1
5 19128 1
5 19161 1
5 19192 1
5 19253 1
5 19258 1
5 19297 1
5 19333 1
5 19334 1
5 19374 4
5 19376 1
5 19413 1
5 19616 1
5 19689 1
5 19750 1
5 19790 1
5 19803 1
5 19804 1
5 19844 4
5 19882 1
5 19982 1
5 20003 1
5 20028 1
5 20036 4
5 20038 1
5 20129 1
5 20163 1
5 20177 1
5 20224 1
5 20238 1
5 20270 5
5 20284 1
5 20307 1
5 20314 1
5 20331 2
5 20368 1
5 20428 1
5 20470 1
5 20544 1
5 20567 2
5 20681 1
5 20700 1
5 20791 2
5 20908 13
5 21029 2
5 21107 4
5 21176 1
5 21192 2
5 21195 2
5 21198 5
5 21224 1
5 21228 2
5 21229 1
5 21250 1
5 21369 3
5 21412 1
5 21493 1
5 21579 2
5 21672 2
5 21824 2
5 21929 2
5 21977 1
5 21986 1
5 22047 1
5 22180 2
5 22193 1
5 22195 1
5 22268 1
5 22286 1
5 22287 1
5 22309 1
5 22331 1
5 22346 1
5 22359 2
5 22361 1
5 22389 1
5 22503 1
5 22644 1
5 22688 1
5 22710 1
5 22746 1
5 22764 1
5 22812 1
5 22864 1
5 22896 1
5 23008 2
5 23085 2
5 23135 2
5 23144 1
5 23146 3
5 23181 1
5 23242 2
5 23272 1
5 23417 1
5 23441 1
5 23446 2
5 23461 6
5 23488 2
5 23533 1
5 23636 2
5 23654 1
5 23659 1
6 1038 3
6 2234 2
6 2478 3
6 3345 2
6 3641 1
6 3858 2
6 4300 8
6 4988 1
6 5733 1
6 6272 1
6 7147 1
6 7825 1
6 7963 1
6 9651 1
6 9833 2
6 10297 1
6 11387 1
6 12754 1
6 12763 1
6 13163 1
6 13390 2
6 13548 2
6 14045 1
6 15223 1
6 15590 3
6 15670 1
6 16134 2
6 17939 1
6 17997 1
6 20331 1
6 21086 2
6 21257 1
6 21566 2
6 21844 3
6 21969 1
6 22350 2
6 22644 1
6 23509 1
6 23588 1
7 746 1
7 967 1
7 1554 1
7 2611 1
7 2613 1
7 2663 1
7 3245 1
7 4345 1
7 6447 1
7 6477 1
7 6643 1
7 7953 1
7 7963 1
7 8893 1
7 9067 1
7 10032 1
7 10131 1
7 10449 1
7 11361 1
7 11837 1
7 12406 1
7 13243 1
7 14223 1
7 14415 1
7 14802 1
7 15457 1
7 16677 4
7 16949 3
7 16992 1
7 17689 1
7 18055 1
7 18707 10
7 19094 1
7 19402 2
7 20036 1
7 20364 1
7 20970 1
7 21029 3
7 21947 1
7 22180 1
7 22343 1
7 22361 1
7 22380 1
7 22638 1
7 22676 1
7 22680 1
7 23114 1
7 23226 1
8 81 3
8 213 1
8 214 4
8 253 1
8 476 3
8 490 1
8 786 2
8 787 3
8 788 2
8 813 1
8 829 1
8 935 1
8 1027 1
8 1097 1
8 1239 1
8 1274 1
8 1297 1
8 1330 1
8 1561 1
8 1591 1
8 1978 1
8 2600 1
8 2870 1
8 3096 1
8 3325 1
8 3624 1
8 3777 2
8 3817 1
8 3905 1
8 3909 1
8 3921 2
8 4046 3
8 4385 1
8 4584 3
8 4734 1
8 5011 1
8 5034 1
8 5307 3
8 5488 14
8 5541 1
8 6116 2
8 6170 1
8 6543 1
8 7003 1
8 7437 1
8 7526 2
8 7624 1
8 7752 1
8 7817 3
8 7867 2
8 7882 1
8 7916 1
8 8567 1
8 8800 1
8 8999 1
8 9031 1
8 9263 2
8 9651 1
8 9681 2
8 9895 1
8 9897 1
8 10001 1
8 10081 1
8 10111 2
8 10145 1
8 10239 2
8 10374 1
8 10414 1
8 10429 1
8 10436 3
8 10619 2
8 10738 1
8 11069 1
8 11208 1
8 11453 1
8 11538 1
8 11837 1
8 11891 1
8 12103 2
8 12122 1
8 12254 1
8 12328 3
8 12500 1
8 12757 1
8 12876 1
8 13163 2
8 13351 1
8 13586 1
8 13699 1
8 13934 4
8 13999 1
8 14019 1
8 14046 1
8 14067 1
8 14111 1
8 14239 1
8 14323 1
8 14554 5
8 14625 1
8 14640 1
8 14684 2
8 14935 1
8 15090 1
8 15182 1
8 15195 2
8 15214 1
8 15217 1
8 15361 3
8 15442 1
8 15520 2
8 15964 1
8 15971 1
8 16181 1
8 16442 1
8 16452 5
8 16503 1
8 16534 1
8 16703 1
8 16706 1
8 16774 1
8 16886 1
8 16965 1
8 17028 2
8 17316 1
8 17622 2
8 17625 1
8 17774 1
8 17817 2
8 17819 1
8 18061 1
8 18147 1
8 18194 1
8 18231 1
8 18707 1
8 18887 1
8 18930 1
8 18934 9
8 18955 2
8 19004 1
8 19803 1
8 19811 1
8 19844 4
8 19887 1
8 20027 1
8 20399 1
8 20716 2
8 20802 4
8 21145 3
8 21240 2
8 21374 1
8 21437 8
8 21619 1
8 21661 1
8 21785 1
8 21809 1
8 21810 1
8 22180 1
8 22426 5
8 22482 2
8 22498 1
8 22668 1
8 23069 2
8 23426 1
8 23431 8
8 23765 1
9 549 1
9 1549 1
9 3100 1
9 3223 1
9 3329 1
9 3721 1
9 3827 1
9 4700 1
9 4801 1
9 5323 1
9 5670 2
9 6465 3
9 6477 1
9 6876 1
9 6904 1
9 6990 1
9 7165 1
9 7816 2
9 8103 1
9 8495 1
9 9058 1
9 10035 1
9 10320 1
9 10700 1
9 10738 1
9 11837 7
9 12838 1
9 12844 1
9 13047 1
9 13370 1
9 13425 1
9 14101 1
9 14771 1
9 15201 1
9 15238 1
9 15847 1
9 15893 1
9 15950 1
9 16580 1
9 16586 1
9 16951 1
9 17073 1
9 17187 1
9 17410 1
9 17411 1
9 17528 3
9 18147 1
9 18728 2
9 20331 1
9 20797 1
9 20890 1
9 21145 1
9 21163 2
9 21164 1
9 21947 1
9 22343 1
9 22359 1
9 22760 1
9 23272 1
9 23274 1
10 213 1
10 631 1
10 884 1
10 958 1
10 1184 1
10 1874 1
10 1978 1
10 1979 1
10 2050 1
10 2819 1
10 2867 1
10 2931 2
10 3122 2
10 3158 1
10 3573 1
10 3870 1
10 4063 2
10 4080 1
10 4089 2
10 4359 1
10 5245 1
10 5277 1
10 5325 5
10 6273 1
10 6659 1
10 6904 1
10 7409 1
10 7624 1
10 7754 1
10 7817 2
10 7998 1
10 8436 1
10 8685 6
10 8687 6
10 8724 1
10 10052 1
10 10357 1
10 10738 1
10 11986 1
10 12328 1
10 12345 1
10 12406 1
10 12562 1
10 12799 1
10 12927 1
10 14184 1
10 14299 1
10 14741 1
10 15541 1
10 15807 1
10 16181 1
10 16652 1
10 17037 1
10 17038 2
10 17110 1
10 17259 2
10 17496 1
10 17510 3
10 17626 6
10 18821 1
10 18854 2
10 18958 1
10 19392 1
10 19758 1
10 19830 1
10 20055 1
10 20787 1
10 20959 1
10 21175 1
10 21198 1
10 21310 1
10 21824 1
10 22180 1
10 22343 1
10 22354 1
10 22465 1
10 22644 1
10 23181 2
10 23461 1
11 134 1
11 415 1
11 1027 1
11 1132 1
11 2085 3
11 2100 1
11 2587 1
11 2870 5
11 3281 1
11 3353 1
11 4282 1
11 4530 1
11 4543 2
11 5000 2
11 5011 1
11 5046 1
11 5078 1
11 6005 1
11 6163 1
11 6164 1
11 6165 1
11 6470 1
11 6477 1
11 6724 1
11 7000 1
11 7008 1
11 7015 1
11 7207 2
11 7544 1
11 7587 1
11 7624 1
11 8129 1
11 8322 1
11 8423 1
11 9185 1
11 9240 1
11 9423 1
11 9970 1
11 10093 3
11 10239 1
11 11990 1
11 12103 1
11 12107 1
11 12254 1
11 12381 1
11 12411 1
11 12757 1
11 12808 1
11 12838 1
11 12927 1
11 13002 1
11 13350 1
11 13390 1
11 13586 2
11 13676 1
11 13822 2
11 13823 2
11 13993 2
11 14180 2
11 14307 1
11 14380 1
11 14819 1
11 15090 1
11 15114 1
11 15195 1
11 15307 1
11 15387 1
11 15883 1
11 15978 1
11 16364 1
11 16754 1
11 17110 1
11 17300 1
11 17376 1
11 17703 1
11 17759 1
11 17804 1
11 17805 1
11 17846 1
11 18628 1
11 18637 1
11 18847 1
11 19029 1
11 19067 1
11 19253 1
11 19394 1
11 19453 1
11 20020 2
11 20102 3
11 20369 1
11 20398 3
11 20806 1
11 20907 1
11 20970 1
11 21117 1
11 21121 1
11 21310 3
11 21393 1
11 21701 1
11 21712 1
11 23085 1
11 23651 1
12 92 2
12 253 1
12 430 1
12 490 1
12 746 6
12 788 1
12 1184 1
12 1377 1
12 1455 1
12 1469 3
12 2411 1
12 2492 1
12 2613 2
12 2615 1
12 3121 1
12 3324 1
12 3571 1
12 3858 1
12 4099 1
12 4213 1
12 4216 2
12 4300 1
12 4345 1
12 4980 1
12 5312 1
12 5540 2
12 5541 2
12 5619 1
12 5746 1
12 5897 1
12 6116 2
12 6132 1
12 6281 1
12 6643 6
12 6769 1
12 6860 1
12 7216 1
12 7409 1
12 7463 3
12 7576 1
12 7589 1
12 7963 1
12 8370 1
12 8713 2
12 8786 1
12 8918 1
12 8943 1
12 8944 1
12 9493 2
12 9651 1
12 10157 1
12 10497 1
12 10570 1
12 10603 1
12 10604 1
12 10700 1
12 11101 1
12 11979 3
12 12126 1
12 12389 1
12 12570 1
12 12851 2
12 13242 1
12 13423 1
12 13787 1
12 14368 1
12 14513 2
12 14557 1
12 14701 2
12 14819 1
12 14941 1
12 15198 1
12 15521 1
12 16221 1
12 16438 1
12 16531 4
12 16638 1
12 16727 1
12 16815 6
12 16963 1
12 16992 5
12 17409 1
12 17553 1
12 17621 1
12 17763 1
12 17905 1
12 17953 1
12 18707 1
12 18822 1
12 19025 1
12 19192 1
12 19253 3
12 19258 1
12 19613 1
12 19625 1
12 19740 1
12 19803 4
12 19844 1
12 20055 1
12 20331 1
12 21065 5
12 21458 1
12 21489 1
12 21549 2
12 21698 1
12 21807 1
12 22180 1
12 22380 1
12 22482 1
12 22504 2
12 22514 1
12 22578 1
12 22719 1
12 23114 1
12 23509 1
12 23689 1
13 260 1
13 404 1
13 777 1
13 1068 1
13 1100 1
13 1761 1
13 1813 1
13 2295 1
13 2466 1
13 2531 2
13 2636 1
13 2731 1
13 2779 1
13 3813 1
13 3853 1
13 3900 1
13 3942 2
13 4184 1
13 4281 1
13 4393 2
13 4530 1
13 5381 1
13 5389 2
13 5417 1
13 6163 2
13 6477 1
13 6880 1
13 6886 1
13 6974 1
13 7016 1
13 7131 1
13 7214 1
13 7409 2
13 7577 1
13 7956 1
13 7963 2
13 8088 1
13 8102 2
13 8843 1
13 9511 1
13 9839 1
13 10157 1
13 10239 1
13 10337 1
13 10610 2
13 12542 1
13 13357 2
13 13575 1
13 13676 1
13 13934 1
13 14322 1
13 14496 1
13 14985 1
13 15040 2
13 15442 1
13 15877 1
13 16128 1
13 16131 1
13 16638 2
13 16677 2
13 16858 1
13 17316 1
13 17375 2
13 17985 1
13 18035 1
13 18442 1
13 18481 4
13 18676 1
13 18920 1
13 18955 1
13 19205 1
13 19676 1
13 19811 2
13 20027 1
13 20401 2
13 20641 1
13 20883 1
13 21524 1
13 22480 1
13 22955 2
13 23337 1
13 23417 1
13 23435 1
13 23441 1
13 23636 1
13 23651 1
14 126 1
14 146 1
14 253 1
14 343 3
14 426 1
14 499 1
14 953 1
14 1121 1
14 1184 1
14 2824 1
14 2870 1
14 2953 1
14 3149 1
14 3332 1
14 3895 2
14 3987 1
14 4052 2
14 4090 1
14 4128 10
14 4234 1
14 4271 2
14 4458 1
14 4675 2
14 4676 3
14 4772 1
14 4802 1
14 5208 3
14 5225 2
14 5238 1
14 5390 1
14 5423 1
14 5559 2
14 5595 1
14 5695 1
14 6162 1
14 6204 1
14 6397 1
14 6404 3
14 6800 1
14 6970 12
14 6976 5
14 7157 1
14 7443 1
14 7571 2
14 7816 1
14 7855 12
14 7857 1
14 7881 1
14 7882 1
14 8308 2
14 8658 13
14 8745 3
14 9228 2
14 9237 2
14 9271 2
14 9349 7
14 9597 1
14 9647 11
14 9651 12
14 9805 11
14 9828 1
14 9869 1
14 10081 1
14 10237 1
14 10239 4
14 10500 1
14 10552 1
14 10618 1
14 10619 2
14 10861 1
14 11028 1
14 11032 1
14 11530 2
14 11801 1
14 11875 1
14 12205 2
14 12799 1
14 12873 1
14 13109 1
14 13578 2
14 13774 1
14 14033 1
14 14093 1
14 14360 1
14 14416 1
14 15145 1
14 15225 2
14 15305 1
14 15442 4
14 15497 3
14 15502 1
14 15520 1
14 15603 1
14 15854 1
14 16128 3
14 16155 1
14 16181 2
14 16302 1
14 16382 3
14 16587 1
14 16589 1
14 16759 4
14 17294 1
14 17296 1
14 17381 1
14 17385 1
14 17555 1
14 17573 4
14 17727 1
14 17789 1
14 17817 6
14 17891 1
14 18291 2
14 18414 1
14 18592 1
14 18821 3
14 18829 1
14 18835 2
14 19001 8
14 19048 8
14 19440 1
14 19619 1
14 19676 1
14 19803 2
14 19811 2
14 19829 1
14 19888 1
14 20470 1
14 20633 1
14 20787 3
14 20802 1
14 20921 1
14 20930 5
14 21107 5
14 21527 2
14 21752 1
14 21790 5
14 21892 1
14 22142 1
14 22180 1
14 22286 1
14 22373 1
14 22644 1
14 22710 1
14 22727 2
14 23012 1
14 23035 5
14 23081 1
14 23114 2
14 23117 1
14 23431 2
14 23509 12
14 23770 1
15 55 1
15 85 1
15 105 1
15 115 1
15 205 1
15 247 3
15 249 2
15 252 2
15 254 2
15 260 20
15 354 1
15 649 1
15 661 1
15 664 1
15 681 6
15 755 1
15 777 2
15 917 1
15 947 1
15 1033 2
15 1591 1
15 1672 1
15 1761 1
15 1826 1
15 1979 1
15 2085 1
15 2405 1
15 2466 2
15 2470 1
15 2634 1
15 2693 1
15 2725 1
15 2796 2
15 2799 1
15 2870 1
15 2889 1
15 2977 3
15 3127 1
15 3164 11
15 3216 2
15 3331 1
15 3371 10
15 3454 1
15 3560 1
15 3613 1
15 3614 1
15 3619 1
15 3672 1
15 3752 1
15 3792 1
15 3867 1
15 3870 1
15 3942 2
15 3993 1
15 4042 1
15 4241 1
15 4286 1
15 4324 1
15 4325 1
15 4368 1
15 4530 1
15 4570 1
15 4638 1
15 4650 2
15 4840 1
15 4845 1
15 4856 2
15 4982 1
15 4988 3
15 5000 1
15 5011 3
15 5106 1
15 5181 1
15 5200 1
15 5865 1
15 5870 1
15 5986 1
15 6096 1
15 6098 2
15 6173 1
15 6273 1
15 6298 2
15 6429 1
15 6464 1
15 6477 13
15 6479 1
15 6904 6
15 7000 1
15 7002 1
15 7015 1
15 7047 1
15 7074 1
15 7159 1
15 7207 1
15 7224 1
15 7247 2
15 7409 10
15 7549 8
15 7598 1
15 7658 2
15 7752 1
15 7816 3
15 7825 1
15 7906 1
15 7963 1
15 8010 1
15 8265 1
15 8323 1
15 8423 1
15 8498 1
15 8587 1
15 8643 1
15 9228 1
15 9303 2
15 9341 1
15 9356 1
15 9614 1
15 9623 1
15 9668 2
15 9706 1
15 9971 1
15 10082 1
15 10084 2
15 10239 2
15 10567 1
15 11399 1
15 11425 1
15 11533 1
15 11743 1
15 12097 4
15 12254 7
15 12300 2
15 12381 10
15 12570 2
15 12757 1
15 12799 1
15 12838 1
15 12927 3
15 12998 1
15 13081 2
15 13163 1
15 13218 1
15 13523 1
15 13542 11
15 13619 1
15 13656 1
15 13776 1
15 14180 6
15 14285 1
15 14307 1
15 14308 1
15 14416 6
15 14451 1
15 14796 1
15 14819 2
15 14827 1
15 14985 1
15 14991 2
15 15090 4
15 15142 1
15 15195 9
15 15211 1
15 15238 2
15 15254 1
15 15307 2
15 15308 1
15 15352 2
15 15375 1
15 15425 3
15 15655 2
15 15706 1
15 15807 3
15 15815 2
15 15850 1
15 15978 2
15 16128 1
15 16181 3
15 16207 1
15 16393 1
15 16547 1
15 16638 2
15 16660 1
15 16668 1
15 16726 1
15 16727 1
15 16734 1
15 16754 6
15 16795 1
15 16949 1
15 16965 1
15 16995 2
15 16996 1
15 17035 1
15 17075 1
15 17110 1
15 17122 1
15 17214 2
15 17217 2
15 17255 1
15 17375 3
15 17376 4
15 17478 1
15 17641 1
15 17668 1
15 17702 7
15 17800 1
15 17805 1
15 17889 1
15 17905 1
15 18065 1
15 18141 1
15 18359 1
15 18514 2
15 18581 1
15 18603 1
15 18616 1
15 18843 1
15 18854 1
15 18883 1
15 18925 1
15 18955 1
15 18976 1
15 18990 1
15 18998 1
15 19038 1
15 19043 2
15 19064 1
15 19078 1
15 19206 5
15 19332 1
15 19376 1
15 19385 1
15 19724 1
15 19782 1
15 20028 2
15 20036 1
15 20070 1
15 20167 1
15 20485 1
15 20787 3
15 21086 1
15 21107 1
15 21121 1
15 21172 1
15 21269 1
15 21310 1
15 21369 2
15 21424 1
15 21434 1
15 21458 1
15 21462 1
15 21482 2
15 21495 1
15 21595 1
15 21629 2
15 21812 1
15 21839 1
15 21844 1
15 21856 1
15 22044 3
15 22285 1
15 22359 2
15 22361 1
15 22373 3
15 22766 2
15 22829 2
15 22836 1
15 22889 1
15 23008 1
15 23055 1
15 23087 1
15 23096 1
15 23417 2
15 23451 1
15 23461 4
15 23651 1
15 23819 1
16 87 1
16 260 1
16 2180 1
16 4300 1
16 6160 1
16 9646 1
16 9651 1
16 10082 1
16 10084 1
16 10497 1
16 11069 1
16 14273 1
16 14792 1
16 15442 1
16 16387 1
16 16968 1
16 17848 1
16 21947 1
16 22829 1
16 23035 1
16 23487 1
16 23509 1
17 49 1
17 229 1
17 247 1
17 253 1
17 260 1
17 467 1
17 649 1
17 681 1
17 686 1
17 958 1
17 1316 1
17 1565 1
17 1591 1
17 1622 1
17 2411 1
17 2466 1
17 3049 1
17 3102 1
17 3305 1
17 3331 1
17 3454 1
17 3470 1
17 3858 3
17 3868 1
17 3896 1
17 4005 1
17 4229 1
17 4241 1
17 4543 1
17 4557 1
17 4558 1
17 4826 1
17 4840 1
17 4982 2
17 5225 1
17 5351 1
17 5362 1
17 5389 1
17 5540 1
17 5541 2
17 5622 1
17 5962 2
17 6305 1
17 6404 1
17 6477 3
17 6637 10
17 7000 1
17 7015 1
17 7020 1
17 7078 1
17 7079 1
17 7081 1
17 7200 3
17 7378 1
17 7526 1
17 7589 1
17 7654 1
17 7678 1
17 7752 1
17 7825 1
17 7963 3
17 7998 1
17 8000 1
17 8423 3
17 8498 1
17 8565 1
17 8606 1
17 8867 2
17 9594 1
17 9614 1
17 9651 2
17 9759 1
17 9955 1
17 9968 1
17 9971 1
17 10021 1
17 10111 1
17 10115 1
17 10145 1
17 10231 1
17 10239 5
17 10253 1
17 10317 1
17 10364 1
17 10502 1
17 10610 1
17 11399 1
17 11533 4
17 11543 1
17 11975 1
17 12254 1
17 12345 1
17 12381 4
17 12386 1
17 12643 1
17 12701 1
17 12799 1
17 12808 2
17 12834 1
17 12838 1
17 12844 1
17 12927 1
17 12995 1
17 13163 1
17 13390 1
17 13972 1
17 14049 1
17 14180 2
17 14307 2
17 14411 1
17 14416 2
17 14796 1
17 14985 2
17 15090 3
17 15253 1
17 15653 1
17 15705 1
17 15807 1
17 16181 3
17 16363 1
17 16430 1
17 16436 2
17 16584 1
17 16709 1
17 16726 1
17 16754 1
17 16798 1
17 16801 1
17 16803 1
17 16885 1
17 16886 1
17 16951 1
17 17110 1
17 17326 1
17 17375 1
17 17435 1
17 17496 1
17 17567 3
17 17625 1
17 17641 1
17 17644 1
17 17702 3
17 17759 1
17 17800 1
17 17805 1
17 17806 1
17 17885 1
17 17996 1
17 18132 1
17 18603 1
17 18801 9
17 18835 1
17 18883 1
17 18976 1
17 19043 1
17 19048 1
17 19376 2
17 19440 13
17 19997 1
17 20038 2
17 20102 2
17 20331 1
17 20345 5
17 20346 1
17 20401 1
17 20787 2
17 20907 1
17 20959 1
17 21117 1
17 21195 1
17 21269 1
17 21310 2
17 21434 2
17 21583 1
17 21711 2
17 22239 1
17 22285 1
17 22286 1
17 22339 1
17 22365 1
17 22373 1
17 22477 1
17 22572 1
17 22644 1
17 22741 1
17 22770 2
17 23008 2
17 23035 10
17 23048 1
17 23085 1
17 23114 2
17 23307 1
17 23349 6
17 23461 1
17 23509 2
17 23605 1
18 260 15
18 777 2
18 1315 2
18 1591 1
18 1761 1
18 1813 1
18 2085 2
18 2492 1
18 2720 1
18 2724 1
18 2809 1
18 2851 1
18 2887 1
18 3164 2
18 3398 4
18 3613 1
18 3620 1
18 3752 1
18 3870 2
18 4558 2
18 4824 5
18 4980 1
18 4988 1
18 5011 1
18 5389 2
18 5607 1
18 5647 3
18 5724 1
18 5844 1
18 5865 4
18 5876 1
18 5910 2
18 6370 1
18 6477 15
18 6576 1
18 6641 1
18 6698 1
18 7075 1
18 7144 1
18 7549 2
18 7553 1
18 7816 1
18 7963 1
18 8000 1
18 8088 1
18 8423 1
18 8839 1
18 10023 1
18 10088 1
18 10497 1
18 10689 1
18 10730 2
18 12381 2
18 12757 1
18 12799 3
18 12804 1
18 12808 2
18 12927 1
18 13575 1
18 13993 1
18 14180 1
18 14307 2
18 14360 1
18 14416 1
18 14706 1
18 14819 1
18 15090 1
18 15144 1
18 15195 4
18 15352 1
18 15425 1
18 15430 1
18 15706 1
18 15710 3
18 16181 1
18 16221 1
18 16366 2
18 16367 1
18 16419 2
18 16638 2
18 16711 1
18 16726 1
18 16754 3
18 16829 2
18 16967 1
18 16995 1
18 17143 1
18 17255 1
18 17375 1
18 17396 1
18 17400 1
18 17622 1
18 17702 1
18 17905 1
18 18132 1
18 18955 3
18 18976 1
18 19440 1
18 19648 1
18 19709 1
18 20028 1
18 20113 2
18 20509 1
18 20550 1
18 21086 1
18 21282 2
18 21374 1
18 21607 1
18 21844 1
18 21947 2
18 22239 1
18 22247 1
18 22363 1
18 22478 1
18 23035 1
18 23325 3
18 23396 1
18 23417 2
18 23529 1
18 23568 1
18 23578 1
18 23819 3
19 260 1
19 403 1
19 404 1
19 678 1
19 958 1
19 1030 1
19 1387 1
19 1628 1
19 1761 1
19 1767 1
19 2085 1
19 2166 1
19 2169 1
19 2283 1
19 2991 2
19 3055 1
19 3301 1
19 4543 2
19 4982 1
19 5045 1
19 5059 1
19 5074 1
19 5112 1
19 5934 1
19 6163 1
19 6176 1
19 6477 1
19 6666 1
19 6714 1
19 6826 1
19 7015 1
19 7074 1
19 7081 1
19 7143 1
19 7163 1
19 7337 1
19 7400 1
19 7552 1
19 7579 1
19 7691 1
19 8359 1
19 8495 1
19 8496 1
19 8565 1
19 8571 1
19 8585 2
19 9049 1
19 9423 1
19 9533 1
19 9971 1
19 10037 1
19 10093 1
19 10470 2
19 11004 1
19 11104 1
19 11315 2
19 11861 1
19 11889 1
19 12107 2
19 12229 3
19 12254 1
19 12300 1
19 12458 1
19 12527 1
19 12542 1
19 12564 1
19 12566 1
19 12799 1
19 12834 1
19 12838 1
19 13163 2
19 13776 2
19 14307 1
19 14416 1
19 14469 1
19 14563 1
19 14796 1
19 15114 1
19 15160 2
19 15345 1
19 15815 1
19 16181 4
19 16237 1
19 16790 1
19 17110 1
19 17248 1
19 17306 2
19 17316 1
19 17321 1
19 17383 1
19 17702 1
19 17703 1
19 17759 1
19 17875 1
19 18099 1
19 18821 1
19 18841 1
19 19225 1
19 19687 1
19 20331 2
19 20370 1
19 20513 1
19 20561 1
19 21117 2
19 21251 1
19 21310 2
19 21424 1
19 21618 1
19 21844 1
19 22090 1
19 22445 1
19 23008 1
19 23337 2
19 23461 1
19 23636 3
19 23651 1
20 247 1
20 431 1
20 499 1
20 681 1
20 1089 1
20 1311 1
20 1457 1
20 1676 2
20 1677 1
20 2085 1
20 2189 1
20 2246 1
20 2405 3
20 2528 1
20 2779 3
20 2870 1
20 2873 1
20 2945 2
20 2970 1
20 2977 2
20 2987 1
20 3206 1
20 3216 1
20 3305 1
20 3331 1
20 3371 7
20 3827 1
20 3858 1
20 3991 1
20 4128 1
20 4530 2
20 4543 1
20 4639 1
20 4650 2
20 4876 3
20 4911 3
20 5000 1
20 5011 8
20 5078 1
20 5099 1
20 5111 2
20 5298 1
20 5483 1
20 5559 1
20 5619 1
20 5665 1
20 5751 1
20 5865 2
20 6100 1
20 6183 1
20 6410 1
20 6643 1
20 6692 1
20 7008 2
20 7015 2
20 7018 1
20 7049 1
20 7080 1
20 7147 1
20 7178 1
20 7191 2
20 7221 1
20 7238 1
20 7286 1
20 7378 1
20 7381 1
20 7383 2
20 7442 3
20 7579 2
20 7624 1
20 8035 2
20 8102 1
20 8129 1
20 8423 1
20 8567 1
20 8629 1
20 8782 1
20 8810 1
20 8814 1
20 9245 2
20 9341 1
20 9513 1
20 9614 1
20 9647 1
20 9651 1
20 9668 1
20 10081 1
20 10093 5
20 10094 1
20 10180 2
20 10358 1
20 10382 1
20 10760 1
20 11028 1
20 11869 1
20 11870 1
20 11961 1
20 12020 1
20 12126 2
20 12300 1
20 12416 1
20 12526 3
20 12540 1
20 12542 1
20 12597 2
20 12757 1
20 12838 3
20 13002 1
20 13135 2
20 13163 1
20 13164 1
20 13269 1
20 13281 1
20 13323 1
20 13586 1
20 13779 1
20 13823 1
20 13889 1
20 13993 1
20 14020 1
20 14181 1
20 14307 1
20 14308 1
20 14380 1
20 14416 1
20 14451 2
20 15006 1
20 15040 1
20 15160 1
20 15424 1
20 15446 3
20 15705 1
20 15708 1
20 15710 1
20 15815 2
20 15835 1
20 15848 1
20 15978 2
20 16557 1
20 16670 1
20 16686 1
20 16726 2
20 16738 1
20 16754 4
20 17069 1
20 17509 1
20 17846 2
20 17926 1
20 17939 1
20 18392 1
20 18611 1
20 18821 1
20 18840 1
20 18841 2
20 18848 1
20 18976 2
20 19043 1
20 19050 1
20 19376 1
20 19790 1
20 19887 2
20 19889 1
20 19980 1
20 20032 1
20 20102 2
20 20398 1
20 20485 1
20 20787 1
20 20960 1
20 21135 1
20 21310 3
20 21369 1
20 21434 2
20 21458 1
20 21489 1
20 21601 1
20 21824 1
20 21888 1
20 22008 1
20 22196 3
20 22359 1
20 22445 1
20 22561 1
20 22668 2
20 22955 1
20 23008 1
20 23088 1
20 23114 1
20 23181 1
20 23233 2
20 23636 1
21 49 1
21 105 1
21 118 1
21 142 1
21 143 2
21 159 2
21 177 1
21 226 1
21 229 1
21 234 2
21 254 1
21 260 13
21 296 1
21 353 2
21 355 1
21 358 6
21 403 2
21 428 1
21 434 1
21 448 1
21 499 2
21 649 1
21 661 1
21 664 1
21 678 3
21 681 5
21 688 2
21 709 4
21 727 1
21 777 2
21 953 2
21 958 1
21 1030 1
21 1033 1
21 1063 1
21 1069 1
21 1076 1
21 1311 1
21 1377 1
21 1384 2
21 1385 1
21 1386 1
21 1390 1
21 1591 2
21 1600 1
21 1672 1
21 1761 2
21 1821 1
21 1842 1
21 1882 3
21 1965 2
21 1981 1
21 2007 1
21 2085 3
21 2091 1
21 2185 3
21 2195 1
21 2326 1
21 2343 1
21 2492 2
21 2550 1
21 2706 1
21 2720 3
21 2752 1
21 2779 14
21 2796 3
21 2798 1
21 2898 2
21 2937 2
21 2953 1
21 2970 1
21 2987 1
21 3018 1
21 3049 1
21 3055 8
21 3094 1
21 3189 1
21 3245 1
21 3301 1
21 3305 2
21 3339 1
21 3372 1
21 3466 1
21 3752 2
21 3817 1
21 3870 4
21 3876 1
21 3900 2
21 4008 2
21 4052 5
21 4071 1
21 4184 1
21 4253 2
21 4277 1
21 4281 3
21 4329 3
21 4448 2
21 4484 1
21 4485 2
21 4493 1
21 4530 4
21 4534 1
21 4543 1
21 4550 1
21 4557 1
21 4562 1
21 4574 1
21 4640 1
21 4824 1
21 4833 1
21 4840 1
21 5011 4
21 5023 1
21 5045 1
21 5059 1
21 5074 1
21 5115 1
21 5140 1
21 5179 1
21 5180 1
21 5200 1
21 5211 1
21 5235 1
21 5288 1
21 5369 1
21 5400 1
21 5541 2
21 5616 3
21 5620 1
21 5926 4
21 5948 2
21 5961 1
21 5967 1
21 6005 1
21 6166 2
21 6170 1
21 6175 1
21 6176 1
21 6183 4
21 6259 1
21 6307 1
21 6404 3
21 6464 1
21 6477 22
21 6482 2
21 6488 1
21 6591 1
21 6714 1
21 6732 1
21 6826 1
21 6860 1
21 6904 2
21 6974 1
21 6990 1
21 7000 3
21 7003 1
21 7006 1
21 7008 1
21 7012 1
21 7015 4
21 7017 1
21 7018 2
21 7049 3
21 7058 1
21 7068 1
21 7074 2
21 7076 1
21 7221 1
21 7230 1
21 7289 1
21 7303 1
21 7314 1
21 7337 1
21 7347 1
21 7378 1
21 7439 6
21 7443 1
21 7523 1
21 7545 1
21 7553 2
21 7576 1
21 7579 4
21 7624 2
21 7654 4
21 7750 10
21 7751 1
21 7752 1
21 7776 1
21 7855 1
21 7888 7
21 7942 2
21 7963 7
21 7967 1
21 8016 3
21 8033 1
21 8055 1
21 8091 2
21 8322 3
21 8423 7
21 8495 1
21 8565 2
21 8567 1
21 8585 3
21 8589 1
21 8606 2
21 8629 1
21 8735 1
21 8810 1
21 8824 1
21 8843 4
21 8869 2
21 9002 1
21 9012 1
21 9042 1
21 9050 1
21 9057 2
21 9240 1
21 9245 6
21 9265 1
21 9352 1
21 9378 1
21 9455 1
21 9511 2
21 9614 1
21 9618 3
21 9668 1
21 9706 1
21 9731 1
21 9746 2
21 9885 1
21 9971 2
21 10015 1
21 10020 2
21 10081 2
21 10084 1
21 10093 5
21 10191 1
21 10380 1
21 10382 4
21 10414 1
21 10469 1
21 10491 1
21 10502 2
21 10599 1
21 10628 1
21 10752 1
21 10812 1
21 11004 1
21 11024 1
21 11029 1
21 11128 1
21 11139 2
21 11235 2
21 11315 2
21 11448 1
21 11521 1
21 11533 1
21 11538 1
21 11861 2
21 11863 1
21 11880 1
21 11889 1
21 11904 1
21 11905 1
21 11931 1
21 11938 1
21 11978 1
21 11986 3
21 11990 1
21 12020 3
21 12021 1
21 12032 1
21 12103 1
21 12107 10
21 12126 5
21 12217 2
21 12272 1
21 12300 1
21 12381 11
21 12386 2
21 12392 1
21 12411 2
21 12416 2
21 12424 1
21 12464 1
21 12540 1
21 12564 2
21 12570 2
21 12572 1
21 12643 1
21 12645 1
21 12757 2
21 12799 3
21 12803 1
21 12808 1
21 12834 2
21 12836 1
21 12838 11
21 12927 2
21 13002 4
21 13047 1
21 13163 1
21 13225 1
21 13234 2
21 13323 5
21 13364 1
21 13390 2
21 13423 2
21 13559 1
21 13676 1
21 13723 1
21 13763 1
21 13764 1
21 13776 9
21 13780 2
21 13822 2
21 13934 2
21 13936 1
21 13940 1
21 13993 1
21 14030 8
21 14101 5
21 14180 19
21 14270 1
21 14277 1
21 14307 3
21 14384 1
21 14411 2
21 14416 3
21 14451 3
21 14741 2
21 14747 3
21 14796 10
21 14819 4
21 14922 1
21 14985 1
21 14991 3
21 15029 1
21 15040 1
21 15090 3
21 15114 3
21 15142 1
21 15160 3
21 15195 22
21 15196 3
21 15198 4
21 15223 1
21 15367 1
21 15387 1
21 15394 1
21 15446 2
21 15479 1
21 15520 2
21 15598 1
21 15599 6
21 15620 1
21 15625 1
21 15629 3
21 15675 1
21 15693 1
21 15705 2
21 15807 12
21 15822 1
21 15875 1
21 15877 1
21 15878 1
21 15950 1
21 16052 1
21 16124 1
21 16128 3
21 16130 1
21 16132 1
21 16136 5
21 16181 2
21 16318 2
21 16334 1
21 16353 1
21 16366 1
21 16368 3
21 16410 1
21 16443 1
21 16444 1
21 16560 3
21 16619 1
21 16645 1
21 16660 1
21 16696 1
21 16707 1
21 16709 1
21 16722 1
21 16726 6
21 16728 1
21 16738 1
21 16747 1
21 16748 1
21 16754 10
21 16766 1
21 16790 1
21 16792 1
21 16805 2
21 16807 1
21 16816 1
21 16863 1
21 16882 1
21 16885 2
21 16998 2
21 17028 1
21 17110 2
21 17121 1
21 17132 1
21 17155 1
21 17175 1
21 17186 1
21 17194 1
21 17254 1
21 17269 1
21 17294 2
21 17306 6
21 17311 1
21 17314 2
21 17329 1
21 17338 1
21 17375 8
21 17376 8
21 17379 2
21 17444 2
21 17446 1
21 17569 1
21 17577 1
21 17630 1
21 17635 1
21 17680 3
21 17702 1
21 17703 1
21 17753 1
21 17763 45
21 17801 1
21 17804 1
21 17806 1
21 17822 1
21 17883 2
21 17905 4
21 17924 1
21 17926 1
21 17939 1
21 17958 1
21 18132 1
21 18196 1
21 18198 1
21 18344 2
21 18470 2
21 18481 3
21 18506 2
21 18603 3
21 18608 1
21 18615 1
21 18798 1
21 18835 3
21 18841 1
21 18843 3
21 18920 1
21 18925 1
21 18944 1
21 18955 11
21 19005 1
21 19025 1
21 19043 4
21 19050 1
21 19064 1
21 19067 1
21 19155 2
21 19215 1
21 19253 1
21 19261 1
21 19262 1
21 19385 2
21 19453 1
21 19551 3
21 19687 1
21 19709 1
21 19750 1
21 19856 1
21 19881 1
21 19907 1
21 19969 1
21 19983 2
21 20027 6
21 20028 1
21 20030 1
21 20036 3
21 20037 1
21 20102 1
21 20290 1
21 20331 1
21 20369 1
21 20394 1
21 20398 3
21 20399 1
21 20442 4
21 20452 1
21 20519 1
21 20529 5
21 20530 1
21 20716 1
21 20787 3
21 20883 2
21 20970 1
21 20977 1
21 21069 1
21 21107 1
21 21195 2
21 21198 3
21 21202 1
21 21229 2
21 21232 2
21 21310 6
21 21316 1
21 21329 1
21 21339 2
21 21369 1
21 21391 1
21 21458 1
21 21462 1
21 21506 1
21 21515 3
21 21616 1
21 21698 1
21 21701 1
21 21711 1
21 21712 1
21 21824 4
21 22062 2
21 22077 1
21 22144 1
21 22149 1
21 22239 1
21 22292 1
21 22359 2
21 22361 1
21 22494 1
21 22572 1
21 22576 1
21 22623 1
21 22668 4
21 22826 1
21 22829 1
21 22900 1
21 22920 1
21 22955 2
21 22981 1
21 22993 1
21 23008 5
21 23035 2
21 23085 4
21 23114 2
21 23204 1
21 23208 2
21 23215 1
21 23242 2
21 23325 1
21 23334 4
21 23383 1
21 23417 16
21 23426 1
21 23441 1
21 23461 3
21 23475 1
21 23487 1
21 23636 2
21 23640 1
22 55 1
22 124 1
22 213 1
22 260 1
22 346 1
22 790 1
22 1259 1
22 1476 1
22 1553 1
22 1591 2
22 1700 1
22 1851 1
22 1882 1
22 2085 2
22 2100 1
22 2169 1
22 2253 1
22 2411 1
22 2903 1
22 3049 1
22 3114 1
22 3305 1
22 3331 5
22 3426 2
22 3466 1
22 3487 1
22 3547 1
22 3670 1
22 3686 2
22 3691 1
22 3818 1
22 4052 1
22 4135 1
22 4409 1
22 4530 2
22 4558 1
22 4564 6
22 4749 1
22 4792 1
22 4825 1
22 4826 1
22 5197 2
22 5665 11
22 5666 1
22 6183 1
22 6263 1
22 6370 1
22 6477 2
22 6653 1
22 6714 2
22 6777 2
22 7020 2
22 7337 5
22 7443 4
22 7624 1
22 7752 2
22 7802 1
22 7887 1
22 7963 3
22 8016 1
22 8120 1
22 8404 1
22 8458 1
22 8606 3
22 8735 1
22 9228 1
22 9511 1
22 9546 1
22 9557 1
22 9620 1
22 9628 1
22 9971 1
22 10023 1
22 10231 1
22 10239 2
22 10418 1
22 10469 1
22 10617 1
22 11028 1
22 11448 1
22 11533 1
22 11543 3
22 11964 1
22 12097 1
22 12240 2
22 12276 1
22 12300 1
22 12416 1
22 12469 1
22 12475 2
22 12490 1
22 12838 1
22 12886 1
22 12924 1
22 13163 2
22 13764 1
22 13776 6
22 13925 1
22 14180 1
22 14227 2
22 14307 1
22 14323 1
22 14416 1
22 14440 2
22 14753 1
22 14926 1
22 14985 6
22 15024 1
22 15090 3
22 15160 5
22 15330 1
22 15332 1
22 15337 1
22 15446 1
22 15626 1
22 15944 1
22 16148 1
22 16181 3
22 16185 1
22 16547 1
22 16638 3
22 16641 2
22 16724 1
22 16726 7
22 16885 2
22 17306 1
22 17375 3
22 17702 1
22 17730 1
22 17747 1
22 17759 1
22 17800 3
22 17862 1
22 17879 1
22 17916 5
22 17917 1
22 18481 1
22 18603 5
22 18608 6
22 18666 1
22 18955 1
22 19036 1
22 19043 1
22 19231 1
22 19516 1
22 19664 1
22 19811 1
22 19887 3
22 20027 1
22 20036 4
22 20220 1
22 20355 1
22 20357 9
22 20359 1
22 20360 1
22 20369 2
22 20748 1
22 20787 2
22 20938 1
22 20975 1
22 21017 1
22 21128 2
22 21284 1
22 21310 1
22 21331 1
22 21369 1
22 21425 2
22 21491 2
22 21601 1
22 21665 1
22 21824 1
22 21844 1
22 22149 1
22 22292 1
22 22668 1
22 22974 3
22 23085 1
22 23087 1
22 23210 3
22 23380 1
22 23636 1
22 23681 1
22 23830 1
23 814 1
23 938 1
23 2166 1
23 2335 1
23 2728 1
23 3371 1
23 4090 1
23 4543 1
23 4826 1
23 5865 2
23 5956 1
23 6176 1
23 9416 1
23 9423 2
23 10067 1
23 10180 1
23 10225 1
23 10309 1
23 11043 1
23 12126 1
23 12834 1
23 12998 1
23 13934 1
23 14416 1
23 14434 1
23 15303 1
23 15727 1
23 15728 2
23 15815 2
23 16560 1
23 16638 1
23 16727 1
23 16778 1
23 17383 2
23 17962 1
23 18481 1
23 18615 1
23 19127 2
23 19877 2
23 20148 2
23 20659 1
23 21524 1
24 141 1
24 158 2
24 213 2
24 228 1
24 431 2
24 436 1
24 777 2
24 941 2
24 958 1
24 1100 1
24 1590 2
24 1591 1
24 2007 1
24 2085 2
24 2224 1
24 2620 1
24 2793 1
24 2796 1
24 2917 1
24 3049 2
24 3301 1
24 3426 1
24 3560 1
24 3641 3
24 3645 2
24 3858 1
24 3900 1
24 3921 1
24 3939 1
24 3942 6
24 3951 1
24 3992 1
24 4137 2
24 4182 1
24 4203 1
24 4281 2
24 4286 1
24 4450 1
24 4552 1
24 4585 4
24 4825 1
24 4988 1
24 5011 1
24 5046 1
24 5289 1
24 5347 2
24 5558 2
24 5619 1
24 5697 1
24 5771 1
24 5933 1
24 5987 1
24 6045 1
24 6280 1
24 6370 1
24 6477 2
24 6612 1
24 6779 1
24 6886 1
24 7002 1
24 7125 1
24 7201 1
24 7337 2
24 7439 1
24 7443 1
24 7463 4
24 7526 3
24 7554 1
24 7579 1
24 7620 2
24 7752 2
24 7783 1
24 7816 2
24 7888 2
24 7963 4
24 8244 1
24 8606 1
24 8805 6
24 9110 1
24 9181 2
24 9192 1
24 9220 1
24 9245 1
24 9279 1
24 9421 2
24 9423 1
24 9914 1
24 9961 6
24 9970 1
24 10020 1
24 10081 1
24 10093 2
24 10131 2
24 10239 3
24 10240 1
24 10320 1
24 10399 17
24 10491 1
24 11343 1
24 11880 3
24 12126 1
24 12211 4
24 12229 11
24 12235 6
24 12254 3
24 12289 1
24 12436 6
24 12564 1
24 12606 2
24 12838 1
24 12851 4
24 12927 2
24 12992 1
24 12998 1
24 13002 1
24 13163 2
24 13270 1
24 13323 1
24 13370 1
24 13390 1
24 13776 1
24 13823 1
24 13889 1
24 13993 2
24 14101 1
24 14180 2
24 14662 1
24 14741 2
24 14819 3
24 14889 2
24 14985 2
24 15090 1
24 15093 1
24 15195 1
24 15307 1
24 15308 1
24 15329 1
24 15609 1
24 15653 1
24 15708 2
24 15815 1
24 15978 1
24 16147 1
24 16181 3
24 16260 2
24 16551 4
24 16638 1
24 16639 1
24 16646 1
24 16696 1
24 16726 2
24 16738 5
24 16863 2
24 16885 1
24 16962 1
24 17008 2
24 17110 1
24 17114 1
24 17142 9
24 17255 2
24 17256 2
24 17261 1
24 17306 1
24 17375 3
24 17381 1
24 17421 1
24 17568 1
24 17680 1
24 17702 1
24 17703 1
24 17753 1
24 17759 2
24 17779 1
24 17800 2
24 17842 2
24 17939 1
24 17991 1
24 18344 1
24 18514 2
24 18604 1
24 18841 3
24 18883 1
24 19043 1
24 19071 1
24 19225 1
24 19231 1
24 19262 1
24 19566 1
24 19613 2
24 19829 2
24 20036 7
24 20221 1
24 20331 1
24 20348 1
24 20427 1
24 20499 1
24 20529 1
24 20787 1
24 21029 2
24 21260 1
24 21310 2
24 21361 2
24 21369 1
24 21509 1
24 21567 1
24 21844 3
24 22149 1
24 22157 1
24 22301 1
24 22346 1
24 22359 1
24 22361 1
24 22520 1
24 22760 1
24 22955 1
24 22983 1
24 23096 1
24 23114 1
24 23208 1
24 23337 1
24 23486 1
24 23636 2
24 23651 1
25 105 1
25 142 3
25 260 21
25 678 1
25 681 1
25 777 1
25 1315 2
25 1761 9
25 1789 1
25 2085 2
25 2492 1
25 2720 2
25 2724 1
25 2809 1
25 2887 2
25 3164 1
25 3331 1
25 3398 4
25 3613 1
25 3618 1
25 3752 2
25 3816 1
25 3870 1
25 4558 1
25 4824 3
25 4982 1
25 5225 1
25 5389 2
25 5607 2
25 5647 1
25 5724 1
25 5844 1
25 5865 4
25 5876 1
25 6477 19
25 6576 1
25 6641 2
25 6698 1
25 7075 2
25 7144 1
25 7226 1
25 7443 1
25 7553 1
25 7752 1
25 7816 1
25 7963 1
25 8000 1
25 8088 1
25 8423 1
25 8565 1
25 8839 2
25 8968 1
25 9341 1
25 9635 1
25 9725 1
25 10023 1
25 10081 1
25 10083 1
25 10088 1
25 10497 1
25 10689 1
25 10730 2
25 12097 1
25 12276 1
25 12345 1
25 12381 5
25 12757 2
25 12799 2
25 12804 1
25 12808 2
25 12838 1
25 12927 1
25 13284 1
25 13542 1
25 13575 1
25 14180 2
25 14307 1
25 14416 1
25 14796 2
25 14819 6
25 15090 2
25 15144 1
25 15195 5
25 15198 1
25 15352 1
25 15425 2
25 15430 1
25 15706 1
25 15708 1
25 15710 5
25 15850 1
25 16181 2
25 16221 1
25 16364 1
25 16366 3
25 16367 1
25 16368 1
25 16419 3
25 16431 1
25 16638 4
25 16711 1
25 16754 2
25 16829 3
25 16995 2
25 17143 1
25 17375 1
25 17400 1
25 17501 2
25 17579 2
25 17702 1
25 17703 1
25 17905 1
25 17916 1
25 18132 1
25 18481 13
25 18777 1
25 18955 3
25 18976 1
25 19001 1
25 19462 1
25 19648 3
25 19709 1
25 19724 1
25 20028 1
25 20113 3
25 20207 1
25 20509 1
25 20529 2
25 20550 2
25 20858 1
25 20999 1
25 21086 1
25 21107 1
25 21282 2
25 21374 1
25 21558 1
25 21564 5
25 21604 1
25 21715 1
25 21824 1
25 21947 4
25 22239 1
25 22478 2
25 23325 3
25 23334 1
25 23396 1
25 23417 1
25 23479 1
25 23529 1
25 23819 1
26 249 1
26 684 1
26 1038 1
26 3291 1
26 3641 2
26 3858 1
26 4630 1
26 5011 1
26 5140 1
26 5541 1
26 5622 1
26 6176 1
26 6477 1
26 6637 2
26 7008 1
26 7015 1
26 7078 1
26 7881 4
26 8844 1
26 9594 1
26 10084 1
26 10239 1
26 10253 1
26 10470 1
26 12381 1
26 12384 1
26 12411 1
26 12499 1
26 12701 1
26 12775 1
26 12834 1
26 13323 1
26 13390 1
26 13510 1
26 13542 2
26 14367 1
26 14373 1
26 14719 1
26 15442 1
26 15590 1
26 16141 1
26 16181 1
26 16796 1
26 17379 1
26 17555 1
26 17803 1
26 18440 1
26 18603 1
26 18801 3
26 19440 7
26 19581 1
26 19782 1
26 20345 1
26 20346 4
26 21269 1
26 21310 1
26 21369 2
26 21690 2
26 22193 1
26 22339 1
26 22359 1
26 22373 1
26 22777 1
26 22955 2
26 23035 6
26 23325 1
26 23605 1
27 55 1
27 214 1
27 217 1
27 226 2
27 228 3
27 229 3
27 234 1
27 249 1
27 260 3
27 339 3
27 649 1
27 681 1
27 727 1
27 1274 2
27 1315 2
27 1469 1
27 1591 3
27 1672 2
27 1905 2
27 1943 1
27 2085 1
27 2100 2
27 2186 1
27 2225 1
27 2275 1
27 2405 1
27 2492 1
27 2500 5
27 2600 1
27 2819 1
27 2977 3
27 3164 2
27 3195 5
27 3305 1
27 3454 1
27 3560 1
27 3685 1
27 3691 4
27 3752 1
27 3870 2
27 3876 1
27 3883 1
27 3891 1
27 3956 2
27 3957 1
27 3993 1
27 4025 1
27 4052 4
27 4320 1
27 4385 1
27 4448 2
27 4490 1
27 4558 1
27 4988 1
27 5011 1
27 5362 1
27 5541 6
27 5545 1
27 5559 3
27 5707 1
27 5708 1
27 5710 1
27 5948 2
27 6030 1
27 6183 2
27 6370 1
27 6699 1
27 7000 2
27 7015 5
27 7020 2
27 7122 1
27 7447 2
27 7553 1
27 7590 1
27 7624 2
27 7750 1
27 7752 1
27 7816 2
27 7963 1
27 8081 1
27 8091 1
27 8185 9
27 8423 2
27 8487 1
27 8488 2
27 8489 4
27 8495 1
27 8496 1
27 8713 3
27 8737 1
27 8844 1
27 8867 1
27 8905 1
27 9002 1
27 9057 1
27 9185 1
27 9311 1
27 9342 2
27 9528 1
27 9592 1
27 9608 2
27 9802 3
27 9955 1
27 10084 1
27 10231 1
27 10239 1
27 10353 1
27 10382 2
27 10414 2
27 10439 1
27 10470 1
27 11456 1
27 11533 1
27 11543 1
27 11975 1
27 11986 1
27 12254 8
27 12381 1
27 12718 1
27 12739 2
27 12774 2
27 12799 2
27 12808 2
27 12838 1
27 12927 2
27 12992 1
27 12998 1
27 13243 1
27 13280 2
27 13283 2
27 13699 1
27 13939 1
27 13993 1
27 14049 1
27 14101 1
27 14180 2
27 14416 1
27 14877 1
27 14985 1
27 15090 2
27 15184 3
27 15195 4
27 15425 1
27 15535 4
27 15599 1
27 15620 1
27 15652 2
27 15716 1
27 15807 2
27 15880 1
27 15978 1
27 16167 1
27 16171 1
27 16181 3
27 16353 1
27 16364 1
27 16638 1
27 16754 7
27 16863 1
27 16995 1
27 17028 2
27 17110 1
27 17198 2
27 17256 1
27 17306 1
27 17316 1
27 17321 2
27 17323 2
27 17329 1
27 17375 1
27 17376 1
27 17621 1
27 17680 1
27 17800 1
27 17805 2
27 17807 1
27 18200 3
27 18226 1
27 18359 2
27 18615 4
27 18801 3
27 18828 1
27 18855 1
27 18955 1
27 18976 1
27 19067 1
27 19074 1
27 19080 3
27 19082 1
27 19376 1
27 19648 3
27 19658 1
27 19687 1
27 19740 3
27 19741 1
27 19811 1
27 20027 2
27 20036 1
27 20132 1
27 20163 1
27 20787 1
27 20802 4
27 20806 2
27 20975 1
27 21117 1
27 21195 4
27 21198 3
27 21310 2
27 21339 1
27 21495 1
27 21601 1
27 21616 1
27 21711 2
27 21759 1
27 21777 1
27 22144 1
27 22200 1
27 22313 1
27 22342 1
27 22373 1
27 22399 1
27 22547 1
27 22665 2
27 22696 1
27 22762 11
27 22821 1
27 22990 3
27 23008 1
27 23114 1
27 23163 1
27 23291 1
27 23295 1
27 23325 1
27 23376 3
27 23383 1
27 23435 1
27 23461 3
27 23476 1
27 23479 2
27 23588 1
27 23819 1
28 208 3
28 217 1
28 577 2
28 813 1
28 884 1
28 975 6
28 1069 1
28 1080 1
28 1184 1
28 1273 1
28 1354 1
28 1369 1
28 1388 1
28 1546 2
28 2411 3
28 2514 1
28 2867 1
28 2888 1
28 3305 1
28 3426 2
28 3684 1
28 3827 1
28 3921 1
28 3967 3
28 4022 1
28 4099 1
28 4300 1
28 4386 2
28 4615 1
28 4616 2
28 4800 2
28 4802 1
28 4813 1
28 4988 1
28 5362 1
28 5389 1
28 5560 1
28 5689 1
28 5695 1
28 5715 1
28 5794 2
28 6104 2
28 6273 1
28 6423 1
28 6543 1
28 6922 1
28 7045 1
28 7052 1
28 7151 1
28 7152 3
28 7293 1
28 7526 1
28 7624 1
28 7735 1
28 7752 1
28 7816 1
28 7916 1
28 8103 1
28 8672 1
28 8685 4
28 8867 3
28 9058 1
28 9647 1
28 9651 1
28 9682 1
28 9937 1
28 9949 1
28 10036 1
28 10134 1
28 10225 1
28 10239 1
28 10436 2
28 10456 1
28 10565 1
28 10566 1
28 10571 1
28 10606 2
28 10700 2
28 11104 1
28 11823 1
28 11837 6
28 12097 1
28 12256 1
28 12324 11
28 12328 2
28 12562 1
28 13050 1
28 13163 1
28 13243 2
28 13423 2
28 13426 1
28 13639 1
28 13644 1
28 13699 1
28 14755 1
28 14827 1
28 14912 1
28 15195 2
28 15211 1
28 15223 1
28 15364 1
28 15569 1
28 15603 2
28 16181 1
28 16438 2
28 16442 1
28 16444 1
28 16586 1
28 16589 1
28 16605 1
28 16703 1
28 16711 1
28 16722 1
28 16727 2
28 16741 2
28 16803 1
28 16945 1
28 16963 1
28 17439 1
28 17501 1
28 17787 1
28 17817 3
28 17864 1
28 17905 1
28 18194 1
28 18235 2
28 18745 1
28 18835 2
28 18934 1
28 19025 1
28 19613 2
28 19804 3
28 19844 1
28 20107 2
28 20251 1
28 20270 1
28 20282 1
28 20700 1
28 20867 4
28 20926 2
28 21164 4
28 21222 2
28 21329 1
28 21561 1
28 21710 1
28 21824 3
28 22049 1
28 22148 2
28 22157 3
28 22180 2
28 22359 1
28 22478 1
28 22770 1
28 23334 1
28 23485 1
28 23509 1
29 936 1
29 2796 1
29 3674 1
29 3909 1
29 3942 1
29 4448 2
29 5619 1
29 5771 1
29 7409 1
29 10067 2
29 12022 1
29 12757 1
29 12955 1
29 13002 2
29 13163 3
29 14360 2
29 14916 2
29 14985 2
29 14987 3
29 15815 1
29 16638 1
29 16858 3
29 18841 1
29 18920 1
29 19127 2
29 19664 1
29 20036 1
29 20442 1
29 20959 1
29 23221 1
29 23389 1
29 23435 2
30 87 1
30 229 1
30 342 1
30 681 1
30 970 1
30 1198 1
30 1200 1
30 1587 3
30 1625 1
30 3289 2
30 3305 5
30 3573 2
30 3575 1
30 4300 1
30 4309 2
30 4980 3
30 5423 1
30 5461 1
30 5548 1
30 5551 1
30 5607 1
30 6444 2
30 6643 2
30 8685 1
30 9245 1
30 9348 1
30 9416 1
30 9557 2
30 9628 1
30 10020 2
30 11042 1
30 11103 1
30 11663 6
30 11837 2
30 12013 2
30 12065 1
30 12328 1
30 12403 1
30 13092 1
30 13423 1
30 13426 1
30 13506 1
30 13699 1
30 14755 1
30 14922 1
30 15014 2
30 15162 1
30 15686 1
30 15856 1
30 15877 1
30 16438 2
30 16766 1
30 17255 2
30 17526 1
30 17759 1
30 17949 1
30 18065 1
30 18707 1
30 18854 1
30 19253 1
30 20047 1
30 20053 2
30 20692 1
30 20700 1
30 21154 1
30 21947 2
30 22180 1
30 22359 1
30 22373 1
30 22507 1
30 22508 1
30 23334 1
30 23426 1
31 2086 1
31 3170 1
31 4530 1
31 5675 1
31 7805 1
31 8844 1
31 9327 1
31 9352 1
31 9651 1
31 10288 1
31 10358 1
31 11010 1
31 11470 1
31 12597 1
31 13323 1
31 16747 1
31 16963 1
31 17420 1
31 19394 1
31 22196 1
31 22770 1
32 1027 1
32 1110 1
32 1872 1
32 1877 1
32 2411 1
32 2454 1
32 3827 1
32 4543 1
32 5892 1
32 6273 1
32 7308 1
32 8606 1
32 9327 1
32 9736 1
32 9737 1
32 13875 1
32 13993 1
32 15998 1
32 17418 1
32 19506 1
32 19753 1
32 21121 1
32 22028 1
33 348 1
33 746 1
33 1348 1
33 1815 1
33 1965 1
33 2620 1
33 2655 1
33 2889 1
33 3049 1
33 3128 1
33 3245 3
33 3381 1
33 3573 1
33 3969 1
33 4013 3
33 4245 1
33 4558 1
33 4911 1
33 6280 1
33 6379 1
33 6666 1
33 7070 1
33 7157 1
33 7158 1
33 8496 1
33 8601 1
33 8606 1
33 8621 1
33 8623 1
33 8636 1
33 8920 1
33 9112 1
33 10079 1
33 11103 1
33 11240 2
33 11448 1
33 11837 2
33 12103 1
33 12254 1
33 12381 1
33 12411 1
33 12873 1
33 12893 1
33 13163 1
33 14093 1
33 14101 1
33 14180 1
33 14231 4
33 14796 2
33 15090 3
33 15362 1
33 15420 1
33 15421 1
33 15848 1
33 16366 1
33 16812 1
33 16815 2
33 16883 1
33 17028 1
33 17939 1
33 18615 1
33 18910 1
33 19723 1
33 19742 1
33 19802 1
33 19803 2
33 20544 1
33 20794 1
33 21706 1
33 21709 1
33 22772 1
33 23008 1
33 23396 1
34 339 2
34 2792 1
34 3641 1
34 3858 3
34 6477 1
34 7015 1
34 7963 1
34 8362 1
34 8495 1
34 9647 2
34 9651 2
34 10975 1
34 12300 1
34 13822 1
34 14747 1
34 17000 1
34 17002 2
34 17028 1
34 17702 1
34 17703 1
34 19071 1
34 19440 1
34 20331 1
34 22696 1
34 23255 2
34 23509 2
34 23588 1
35 213 1
35 813 3
35 819 1
35 917 1
35 1165 1
35 1197 1
35 1330 1
35 1591 2
35 1815 2
35 1992 1
35 2015 2
35 3102 1
35 3231 1
35 3305 1
35 3540 2
35 3594 1
35 3909 1
35 4056 1
35 4076 1
35 4080 2
35 4115 1
35 4232 2
35 4265 1
35 4350 3
35 4486 1
35 4800 1
35 4825 3
35 5236 1
35 5378 1
35 5541 2
35 5545 1
35 5695 1
35 5755 1
35 5757 2
35 5870 1
35 6162 3
35 6273 1
35 6513 1
35 6549 1
35 6643 2
35 6735 1
35 6783 1
35 6904 1
35 6962 2
35 7024 1
35 7286 1
35 7287 2
35 7334 1
35 7431 3
35 7647 1
35 7816 1
35 8093 1
35 8399 1
35 8534 1
35 8687 1
35 9062 1
35 9157 2
35 9203 2
35 9323 2
35 9416 1
35 9421 1
35 9851 2
35 9897 1
35 10019 1
35 10157 1
35 10158 1
35 10220 1
35 10436 1
35 10441 1
35 10527 1
35 10586 2
35 10738 2
35 10836 1
35 10981 1
35 11021 2
35 11448 1
35 11746 1
35 11837 9
35 11844 1
35 12306 2
35 12324 5
35 12328 2
35 12363 1
35 12778 1
35 12995 1
35 12996 2
35 13113 1
35 13335 1
35 13472 1
35 13639 3
35 13645 1
35 13714 3
35 13832 1
35 14060 1
35 14416 1
35 14819 1
35 14834 2
35 14905 1
35 15609 1
35 16438 2
35 16455 2
35 16605 2
35 16703 1
35 16889 2
35 17079 1
35 17084 1
35 17217 1
35 17628 2
35 17672 1
35 18248 1
35 18930 2
35 18947 1
35 18948 1
35 19025 1
35 19050 1
35 19127 1
35 19329 1
35 19609 1
35 19613 2
35 19623 1
35 19625 1
35 19627 1
35 20000 1
35 20047 1
35 20282 5
35 20303 1
35 20692 1
35 20716 3
35 21007 1
35 21015 1
35 21086 3
35 21107 1
35 21164 3
35 21364 2
35 21396 1
35 21527 1
35 21694 1
35 21824 1
35 22157 1
35 22180 1
35 22228 1
35 22507 3
35 22587 1
35 22821 1
35 22836 1
35 23008 2
35 23417 1
35 23486 3
35 23545 1
35 23550 1
35 23664 1
36 217 1
36 339 1
36 7963 1
36 8488 1
36 9647 1
36 9651 1
36 10134 1
36 10929 1
36 11028 1
36 20837 1
36 20938 1
36 20997 1
36 21369 1
36 21640 1
36 22920 1
37 1126 1
37 2185 1
37 3641 2
37 3654 1
37 12381 1
37 12808 1
37 17703 1
37 18843 1
37 19084 1
37 19440 1
38 3641 2
38 3858 2
38 4628 1
38 4961 1
38 5011 2
38 5407 1
38 5894 1
38 6189 1
38 7963 1
38 7983 1
38 8883 1
38 9604 1
38 9614 1
38 9651 1
38 11422 2
38 11424 1
38 11975 1
38 12345 1
38 12381 1
38 12808 1
38 13323 1
38 14485 1
38 14662 1
38 15663 1
38 15822 1
38 16128 1
38 16774 1
38 17481 1
38 17702 1
38 17703 1
38 18481 1
38 19336 1
38 19568 2
38 20331 1
38 20525 1
38 20716 1
38 21310 3
38 22656 1
38 23196 1
38 23417 3
38 23509 1
39 60 1
39 681 1
39 1025 1
39 1184 1
39 3458 1
39 3876 1
39 3949 1
39 5541 2
39 6904 1
39 8129 1
39 8685 1
39 9838 1
39 12322 1
39 12927 1
39 15998 1
39 16366 1
39 17683 1
39 18707 1
39 18808 1
39 19203 1
39 19253 1
39 19693 1
39 20046 1
39 20177 1
39 20462 1
39 20556 1
39 20700 1
39 21154 1
39 21569 1
39 21605 1
39 22017 1
39 23334 2
39 23381 1
39 23417 1
40 53 1
40 401 1
40 457 3
40 678 1
40 681 1
40 1012 1
40 1027 3
40 1076 1
40 1184 1
40 1535 1
40 2932 2
40 3049 1
40 3050 1
40 3053 1
40 3117 1
40 3909 1
40 4438 1
40 5288 2
40 6714 1
40 6916 1
40 7058 1
40 7881 1
40 8192 1
40 8301 1
40 8344 4
40 8345 1
40 9164 1
40 9346 1
40 10470 1
40 11219 1
40 11533 3
40 11837 7
40 12872 1
40 13510 1
40 14101 1
40 14187 1
40 15040 1
40 15045 1
40 15352 1
40 16012 1
40 16536 1
40 16619 1
40 17110 1
40 19289 1
40 19368 1
40 19662 1
40 20425 1
40 20453 1
40 20787 1
40 21121 1
40 21240 1
40 21824 1
40 22324 1
40 23504 1
41 229 1
41 254 1
41 260 1
41 542 1
41 725 1
41 777 1
41 928 2
41 1027 1
41 1565 1
41 2225 3
41 2779 3
41 2870 1
41 2909 1
41 2910 2
41 3398 1
41 4281 3
41 4988 3
41 5011 2
41 5173 1
41 6577 1
41 6714 1
41 7000 2
41 7015 1
41 7752 2
41 7808 3
41 7816 1
41 8016 5
41 8102 4
41 8129 1
41 8457 1
41 8495 1
41 10020 1
41 12229 3
41 12240 2
41 12254 1
41 12381 1
41 12445 1
41 12799 1
41 12838 1
41 13619 1
41 13625 1
41 13776 1
41 14101 1
41 14180 1
41 14411 4
41 14451 2
41 14796 1
41 14926 1
41 15090 1
41 15122 1
41 15195 6
41 15425 3
41 15459 1
41 15706 1
41 15978 1
41 16128 1
41 16181 1
41 16371 1
41 16660 1
41 16668 1
41 17375 4
41 17376 1
41 17629 3
41 17681 1
41 17686 1
41 17687 2
41 17688 4
41 17889 3
41 18835 1
41 18955 4
41 19043 2
41 19676 1
41 19811 2
41 20163 1
41 20999 2
41 21117 1
41 21195 1
41 21198 1
41 21310 1
41 21369 1
41 22196 1
41 22285 1
41 22710 1
41 22727 1
41 22802 2
41 22918 1
41 22955 3
41 23085 1
41 23636 1
42 55 1
42 2085 1
42 2195 1
42 2263 1
42 3301 1
42 3371 1
42 3858 2
42 6120 1
42 7008 1
42 8585 1
42 8606 1
42 9327 1
42 9651 2
42 10066 1
42 10239 2
42 10470 1
42 10541 1
42 11004 1
42 11890 1
42 13510 1
42 14434 3
42 14955 1
42 16170 1
42 17075 1
42 17329 2
42 17567 1
42 17644 1
42 17796 1
42 17797 1
42 18855 1
42 19043 2
42 19357 3
42 19705 1
42 21229 1
42 21795 1
42 22144 1
42 22359 1
42 23085 1
42 23307 1
42 23509 2
43 81 7
43 109 1
43 254 1
43 260 3
43 396 1
43 951 1
43 1184 1
43 1215 4
43 1369 1
43 1546 2
43 1647 1
43 2492 1
43 2867 1
43 2870 1
43 2977 1
43 3284 1
43 3324 1
43 3907 1
43 4128 1
43 4448 1
43 4503 1
43 4755 1
43 5034 1
43 5277 1
43 6453 1
43 6477 3
43 6643 1
43 7058 1
43 7409 1
43 7752 1
43 8290 1
43 9628 1
43 9848 1
43 10072 2
43 10081 1
43 10082 1
43 10134 1
43 10469 1
43 10619 2
43 10844 1
43 11133 1
43 11880 1
43 12324 1
43 12328 1
43 12527 1
43 12969 1
43 13163 1
43 13200 1
43 13586 1
43 14819 1
43 14955 1
43 15090 2
43 15442 2
43 15520 1
43 15815 1
43 16181 1
43 16221 1
43 16885 1
43 17501 1
43 17817 1
43 18553 1
43 18976 1
43 18989 1
43 19552 1
43 19803 1
43 20036 3
43 20360 1
43 20802 1
43 20970 1
43 20988 2
43 21028 1
43 21117 1
43 21164 1
43 21339 1
43 21847 1
43 22180 4
43 22482 1
43 22668 1
43 23077 2
43 23114 1
43 23145 1
44 55 1
44 85 1
44 105 1
44 115 1
44 205 1
44 247 3
44 249 2
44 252 2
44 254 2
44 260 20
44 354 1
44 649 1
44 661 1
44 664 1
44 681 6
44 755 1
44 777 2
44 917 1
44 947 1
44 1033 2
44 1591 1
44 1672 1
44 1761 1
44 1826 1
44 1979 1
44 2085 1
44 2405 1
44 2466 2
44 2470 1
44 2634 1
44 2693 1
44 2725 1
44 2796 2
44 2799 1
44 2870 1
44 2889 1
44 2977 3
44 3127 1
44 3164 11
44 3216 2
44 3331 1
44 3371 10
44 3454 1
44 3560 1
44 3613 1
44 3614 1
44 3619 1
44 3672 1
44 3752 1
44 3792 1
44 3867 1
44 3870 1
44 3942 2
44 3993 1
44 4042 1
44 4241 1
44 4286 1
44 4324 1
44 4325 1
44 4368 1
44 4530 1
44 4570 1
44 4638 1
44 4650 2
44 4840 1
44 4845 1
44 4856 2
44 4982 1
44 4988 3
44 5000 1
44 5011 3
44 5106 1
44 5181 1
44 5200 1
44 5865 1
44 5870 1
44 5986 1
44 6096 1
44 6098 2
44 6173 1
44 6273 1
44 6298 2
44 6429 1
44 6464 1
44 6477 13
44 6479 1
44 6904 6
44 7000 1
44 7002 1
44 7015 1
44 7047 1
44 7074 1
44 7159 1
44 7207 1
44 7224 1
44 7247 2
44 7409 10
44 7549 8
44 7598 1
44 7658 2
44 7752 1
44 7816 3
44 7825 1
44 7906 1
44 7963 1
44 8010 1
44 8265 1
44 8323 1
44 8423 1
44 8498 1
44 8587 1
44 8643 1
44 9228 1
44 9303 2
44 9341 1
44 9356 1
44 9614 1
44 9623 1
44 9668 2
44 9706 1
44 9971 1
44 10082 1
44 10084 2
44 10239 2
44 10567 1
44 11399 1
44 11425 1
44 11533 1
44 11743 1
44 12097 4
44 12254 7
44 12300 2
44 12381 10
44 12570 2
44 12757 1
44 12799 1
44 12838 1
44 12927 3
44 12998 1
44 13081 2
44 13163 1
44 13218 1
44 13523 1
44 13542 11
44 13619 1
44 13656 1
44 13776 1
44 14180 6
44 14285 1
44 14307 1
44 14308 1
44 14416 6
44 14451 1
44 14796 1
44 14819 2
44 14827 1
44 14985 1
44 14991 2
44 15090 4
44 15142 1
44 15195 9
44 15211 1
44 15238 2
44 15254 1
44 15307 2
44 15308 1
44 15352 2
44 15375 1
44 15425 3
44 15655 2
44 15706 1
44 15807 3
44 15815 2
44 15850 1
44 15978 2
44 16128 1
44 16181 3
44 16207 1
44 16393 1
44 16547 1
44 16638 2
44 16660 1
44 16668 1
44 16726 1
44 16727 1
44 16734 1
44 16754 6
44 16795 1
44 16949 1
44 16965 1
44 16995 2
44 16996 1
44 17035 1
44 17075 1
44 17110 1
44 17122 1
44 17214 2
44 17217 2
44 17255 1
44 17375 3
44 17376 4
44 17478 1
44 17641 1
44 17668 1
44 17702 7
44 17800 1
44 17805 1
44 17889 1
44 17905 1
44 18065 1
44 18141 1
44 18359 1
44 18514 2
44 18581 1
44 18603 1
44 18616 1
44 18843 1
44 18854 1
44 18883 1
44 18925 1
44 18955 1
44 18976 1
44 18990 1
44 18998 1
44 19038 1
44 19043 2
44 19064 1
44 19078 1
44 19206 5
44 19332 1
44 19376 1
44 19385 1
44 19724 1
44 19782 1
44 20028 2
44 20036 1
44 20070 1
44 20167 1
44 20485 1
44 20787 3
44 21086 1
44 21107 1
44 21121 1
44 21172 1
44 21269 1
44 21310 1
44 21369 2
44 21424 1
44 21434 1
44 21458 1
44 21462 1
44 21482 2
44 21495 1
44 21595 1
44 21629 2
44 21812 1
44 21839 1
44 21844 1
44 21856 1
44 22044 3
44 22285 1
44 22359 2
44 22361 1
44 22373 3
44 22766 2
44 22829 2
44 22836 1
44 22889 1
44 23008 1
44 23055 1
44 23087 1
44 23096 1
44 23417 2
44 23451 1
44 23461 4
44 23651 1
44 23819 1
45 260 1
45 504 2
45 2108 1
45 2185 1
45 2399 1
45 3897 1
45 4530 1
45 6477 3
45 6478 1
45 8423 3
45 8565 1
45 8643 1
45 9589 1
45 9597 2
45 9647 1
45 9651 2
45 11533 1
45 12300 1
45 13163 1
45 14084 1
45 14360 1
45 15537 1
45 15815 1
45 16130 1
45 17702 1
45 17759 1
45 18226 2
45 18603 2
45 18835 1
45 18954 1
45 18958 2
45 18960 1
45 20139 1
45 20164 1
45 20331 1
45 20959 1
45 21086 1
45 21284 2
45 21339 1
45 21583 1
45 21601 4
45 21609 1
45 22955 1
45 23395 1
45 23396 1
45 23404 2
45 23509 1
46 71 2
46 91 1
46 94 1
46 97 1
46 188 1
46 366 1
46 671 2
46 778 1
46 842 1
46 924 1
46 925 1
46 928 1
46 935 1
46 969 1
46 1142 1
46 1385 1
46 1514 1
46 1546 2
46 1704 1
46 1713 1
46 1960 3
46 2205 1
46 2206 1
46 2224 1
46 2277 1
46 2411 1
46 2526 1
46 2846 2
46 2936 1
46 3048 2
46 3310 3
46 3324 2
46 3331 1
46 3421 1
46 3435 3
46 3437 13
46 3711 2
46 3732 4
46 3820 1
46 3856 1
46 3887 1
46 3891 1
46 3907 1
46 3991 1
46 4281 1
46 4357 1
46 4570 1
46 4802 1
46 4808 1
46 5070 1
46 5311 1
46 5478 2
46 5592 2
46 5607 1
46 5616 1
46 5792 1
46 6136 3
46 6263 2
46 6264 4
46 6265 2
46 6280 1
46 6803 1
46 6871 3
46 6881 1
46 7032 2
46 7186 1
46 7345 1
46 7409 1
46 7467 1
46 7526 1
46 7624 2
46 7647 1
46 7748 1
46 7792 1
46 7882 1
46 7885 1
46 7888 1
46 8202 3
46 8308 1
46 8326 1
46 8341 2
46 8448 1
46 8603 2
46 8841 1
46 9015 1
46 9228 1
46 9415 1
46 9421 2
46 9539 2
46 9542 1
46 9618 1
46 9655 1
46 9707 1
46 9895 2
46 9897 1
46 10083 1
46 10134 2
46 10220 1
46 10320 1
46 10371 2
46 10570 1
46 10779 1
46 10794 1
46 10980 1
46 11131 3
46 11457 1
46 11789 1
46 11837 8
46 11880 1
46 12024 1
46 12188 1
46 12193 1
46 12288 1
46 12324 2
46 12328 6
46 12627 1
46 12678 7
46 12799 1
46 13281 1
46 13296 2
46 13584 2
46 13605 1
46 13714 1
46 13797 4
46 13923 1
46 14163 1
46 14360 2
46 14601 1
46 14713 2
46 14802 1
46 14926 1
46 15090 2
46 15195 2
46 15340 2
46 15877 1
46 15967 3
46 15988 1
46 15993 3
46 15998 5
46 16181 1
46 16316 1
46 16395 1
46 16542 3
46 16945 2
46 16951 1
46 16962 2
46 16965 1
46 17053 1
46 17055 1
46 17056 1
46 17391 1
46 17969 2
46 18082 3
46 18212 1
46 18223 1
46 18224 1
46 18278 1
46 18705 1
46 18728 2
46 18734 1
46 18831 1
46 19118 1
46 19122 1
46 19170 3
46 19171 1
46 19250 1
46 19283 1
46 19293 1
46 19416 1
46 19453 1
46 19613 1
46 19698 1
46 19753 1
46 19844 2
46 20162 1
46 20234 3
46 20282 5
46 20435 1
46 20468 2
46 20716 3
46 20745 1
46 20829 1
46 20959 1
46 20999 1
46 21470 1
46 21824 1
46 22220 2
46 22667 1
46 22718 1
46 22719 1
46 22829 11
46 22836 2
46 22951 4
46 23091 1
46 23144 1
46 23354 2
46 23417 2
46 23495 1
46 23540 1
46 23544 1
46 23548 1
46 23570 1
46 23618 1
46 23623 1
46 23703 1
46 23705 2
46 23790 1
46 23792 1
46 23796 2
46 23800 1
46 23802 4
46 23828 1
46 23846 1
47 681 1
47 3013 1
47 3245 1
47 3318 1
47 4212 1
47 5277 1
47 6643 2
47 7459 1
47 7784 1
47 9374 1
47 9511 1
47 9557 1
47 9682 1
47 10425 1
47 11837 2
47 11931 1
47 12017 1
47 12324 1
47 12328 1
47 12411 1
47 13317 1
47 13350 1
47 13467 1
47 14180 1
47 14713 1
47 14747 1
47 15478 1
47 15807 1
47 16260 2
47 16387 1
47 17381 1
47 17805 1
47 17817 1
47 18065 1
47 19448 1
47 19790 1
47 20513 1
47 22180 1
47 22359 1
47 22750 1
47 23383 1
47 23445 1
47 23461 1
48 81 2
48 260 1
48 644 1
48 702 1
48 884 2
48 936 1
48 941 2
48 1129 1
48 1167 2
48 1330 1
48 1600 1
48 2085 1
48 2737 1
48 2819 1
48 2867 1
48 2870 2
48 2906 1
48 3592 1
48 3907 1
48 3949 1
48 4128 3
48 4802 2
48 4825 2
48 5277 1
48 5695 1
48 5908 1
48 5945 1
48 6273 1
48 6370 1
48 6477 1
48 6904 1
48 6976 5
48 7412 1
48 7751 1
48 8016 1
48 8332 1
48 8805 1
48 8978 1
48 9228 1
48 9372 1
48 9868 1
48 9873 1
48 10145 1
48 10161 5
48 10162 1
48 10239 1
48 10320 1
48 10456 1
48 10516 1
48 10618 1
48 11837 1
48 11889 1
48 12328 2
48 12562 2
48 12955 1
48 13099 1
48 13163 1
48 13426 1
48 13586 1
48 14101 1
48 14115 1
48 14138 2
48 14865 1
48 14985 1
48 15090 2
48 15442 1
48 15520 7
48 15653 1
48 15850 2
48 15935 2
48 16181 2
48 16630 1
48 16684 2
48 16754 1
48 17072 1
48 17376 2
48 17381 1
48 17432 1
48 17626 1
48 19065 2
48 19829 1
48 20055 1
48 20270 1
48 20282 3
48 21009 1
48 21437 1
48 21812 1
48 21824 2
48 21855 1
48 21865 1
48 21897 5
48 22180 1
48 23086 1
48 23110 1
48 23306 1
48 23636 1
49 76 1
49 105 1
49 115 1
49 142 1
49 234 7
49 247 3
49 260 2
49 346 3
49 353 1
49 355 2
49 356 1
49 644 1
49 660 2
49 681 2
49 709 1
49 724 1
49 777 1
49 898 2
49 917 1
49 958 1
49 1026 1
49 1027 1
49 1030 1
49 1038 1
49 1184 1
49 1239 1
49 1496 1
49 1565 1
49 1591 1
49 1601 1
49 1628 1
49 1672 2
49 1676 1
49 1689 1
49 1700 1
49 1789 1
49 1917 1
49 2085 1
49 2100 2
49 2166 1
49 2185 1
49 2295 1
49 2405 5
49 2411 3
49 2492 3
49 2496 1
49 2553 1
49 2599 1
49 2635 8
49 2691 1
49 2698 1
49 2706 2
49 2720 6
49 2779 4
49 2796 1
49 2870 2
49 2898 1
49 2910 1
49 2967 1
49 2977 8
49 3055 2
49 3232 1
49 3306 1
49 3356 2
49 3371 3
49 3540 2
49 3560 1
49 3596 4
49 3645 2
49 3674 1
49 3692 2
49 3721 2
49 3752 3
49 3757 1
49 3829 3
49 3847 2
49 3870 1
49 3981 1
49 3991 1
49 4052 3
49 4080 9
49 4212 1
49 4281 1
49 4450 1
49 4490 2
49 4493 1
49 4530 1
49 4543 2
49 4552 1
49 4558 2
49 4650 6
49 4845 3
49 4873 2
49 4988 2
49 5011 5
49 5072 2
49 5074 1
49 5075 2
49 5111 1
49 5113 1
49 5200 1
49 5261 1
49 5266 1
49 5277 1
49 5307 2
49 5377 1
49 5389 2
49 5491 1
49 5522 1
49 5540 1
49 5541 1
49 5665 1
49 5666 1
49 5675 2
49 5865 1
49 5962 5
49 6005 11
49 6040 2
49 6114 2
49 6163 1
49 6183 1
49 6263 1
49 6298 1
49 6299 1
49 6307 3
49 6370 2
49 6404 3
49 6477 19
49 6637 2
49 6643 1
49 6666 1
49 6746 2
49 6826 1
49 7000 5
49 7008 3
49 7015 1
49 7018 1
49 7020 1
49 7045 1
49 7049 1
49 7130 1
49 7135 1
49 7177 1
49 7195 4
49 7207 2
49 7268 1
49 7286 1
49 7298 1
49 7301 2
49 7325 1
49 7334 1
49 7409 2
49 7447 2
49 7456 1
49 7461 1
49 7544 1
49 7549 1
49 7576 1
49 7579 1
49 7587 12
49 7620 2
49 7624 5
49 7656 1
49 7750 2
49 7752 2
49 7755 2
49 7772 1
49 7808 1
49 7816 2
49 7853 1
49 7881 1
49 7888 1
49 7893 2
49 7963 7
49 8000 1
49 8016 2
49 8055 2
49 8081 4
49 8088 1
49 8129 2
49 8156 1
49 8207 1
49 8211 1
49 8322 1
49 8325 2
49 8423 9
49 8429 1
49 8495 1
49 8565 1
49 8585 2
49 8587 1
49 8601 1
49 8606 1
49 8635 1
49 8805 1
49 8843 1
49 8867 27
49 8968 1
49 9044 1
49 9057 2
49 9170 1
49 9185 1
49 9192 1
49 9240 1
49 9245 2
49 9247 1
49 9423 1
49 9485 1
49 9511 3
49 9552 1
49 9614 1
49 9623 1
49 9668 2
49 9706 5
49 9838 1
49 9955 1
49 9970 1
49 9971 1
49 10019 2
49 10021 1
49 10081 1
49 10082 1
49 10093 5
49 10113 1
49 10147 1
49 10190 2
49 10239 5
49 10245 2
49 10469 1
49 10496 1
49 10502 36
49 10730 1
49 10868 1
49 11004 1
49 11024 1
49 11033 1
49 11034 1
49 11315 4
49 11533 9
49 11861 1
49 11880 1
49 11889 3
49 11890 1
49 11961 2
49 11975 2
49 11978 1
49 11986 1
49 11991 1
49 12097 1
49 12103 2
49 12107 1
49 12126 1
49 12221 1
49 12254 6
49 12276 3
49 12300 4
49 12381 4
49 12386 1
49 12387 1
49 12401 1
49 12424 2
49 12526 1
49 12540 1
49 12542 2
49 12566 2
49 12570 1
49 12582 1
49 12757 2
49 12799 5
49 12808 6
49 12836 1
49 12838 12
49 12844 1
49 12927 2
49 12998 6
49 12999 1
49 13000 4
49 13002 14
49 13006 2
49 13159 1
49 13163 1
49 13242 1
49 13389 1
49 13390 1
49 13542 2
49 13555 1
49 13559 1
49 13586 1
49 13687 1
49 13698 1
49 13776 6
49 13822 4
49 13862 1
49 13934 1
49 13936 1
49 13993 5
49 14180 8
49 14307 1
49 14360 7
49 14372 1
49 14411 1
49 14416 1
49 14434 1
49 14436 1
49 14438 2
49 14440 4
49 14451 1
49 14500 1
49 14573 1
49 14796 12
49 14900 1
49 14985 6
49 14986 3
49 15005 1
49 15090 3
49 15114 1
49 15142 1
49 15195 22
49 15198 1
49 15353 1
49 15375 1
49 15422 1
49 15442 3
49 15446 1
49 15653 2
49 15670 1
49 15705 1
49 15706 1
49 15708 1
49 15710 1
49 15807 12
49 15850 1
49 15858 1
49 15978 5
49 16016 1
49 16051 1
49 16128 6
49 16130 6
49 16132 1
49 16134 1
49 16181 3
49 16207 3
49 16212 1
49 16221 2
49 16237 1
49 16368 2
49 16390 1
49 16587 1
49 16624 1
49 16638 6
49 16646 1
49 16660 1
49 16677 2
49 16693 1
49 16726 5
49 16738 1
49 16747 1
49 16754 1
49 16821 1
49 16885 1
49 16995 1
49 17028 2
49 17110 1
49 17119 1
49 17122 1
49 17133 1
49 17191 1
49 17233 1
49 17306 4
49 17311 1
49 17314 1
49 17316 1
49 17329 6
49 17345 1
49 17375 2
49 17438 1
49 17542 1
49 17579 2
49 17640 1
49 17647 1
49 17702 2
49 17703 1
49 17759 1
49 17763 3
49 17817 1
49 17864 2
49 17883 2
49 17905 5
49 17922 1
49 17939 1
49 17954 1
49 18058 1
49 18065 7
49 18085 1
49 18100 2
49 18225 1
49 18226 3
49 18313 1
49 18361 1
49 18481 6
49 18497 1
49 18581 1
49 18603 1
49 18615 2
49 18801 2
49 18821 5
49 18828 8
49 18835 1
49 18843 2
49 18855 1
49 18883 3
49 18920 2
49 18955 1
49 18976 1
49 19038 1
49 19043 1
49 19056 1
49 19057 1
49 19067 3
49 19098 3
49 19121 1
49 19127 2
49 19131 1
49 19253 3
49 19313 1
49 19315 2
49 19332 1
49 19344 1
49 19358 1
49 19376 6
49 19392 1
49 19440 7
49 19453 1
49 19472 1
49 19551 1
49 19648 3
49 19689 2
49 19740 1
49 19775 1
49 19798 1
49 19802 1
49 19807 1
49 19811 1
49 19906 1
49 19926 1
49 19969 1
49 20028 5
49 20033 1
49 20036 1
49 20061 1
49 20066 1
49 20102 4
49 20129 1
49 20177 1
49 20182 1
49 20331 2
49 20369 1
49 20398 12
49 20399 1
49 20529 1
49 20787 8
49 20926 4
49 20975 1
49 20977 1
49 20999 2
49 21075 1
49 21195 2
49 21202 2
49 21229 1
49 21232 4
49 21240 2
49 21310 7
49 21332 1
49 21369 3
49 21377 1
49 21391 1
49 21393 1
49 21425 1
49 21434 3
49 21455 1
49 21458 1
49 21506 1
49 21509 1
49 21515 1
49 21593 1
49 21644 3
49 21648 1
49 21698 1
49 21710 3
49 21712 7
49 21777 1
49 21778 2
49 21824 3
49 21839 1
49 21844 1
49 22313 2
49 22359 8
49 22361 1
49 22373 3
49 22381 1
49 22530 1
49 22766 1
49 22836 1
49 22952 1
49 22955 4
49 23008 4
49 23026 1
49 23035 8
49 23085 2
49 23088 1
49 23114 3
49 23325 1
49 23334 4
49 23337 2
49 23383 2
49 23417 4
49 23461 4
49 23464 1
49 23479 1
49 23486 1
49 23601 1
49 23636 5
49 23651 1
49 23659 1
49 23819 1
50 746 1
50 2278 1
50 3858 1
50 4277 1
50 4530 1
50 5262 2
50 5263 2
50 9651 1
50 9843 1
50 10502 1
50 11477 1
50 12436 1
50 12924 1
50 16709 1
50 16738 1
50 16995 1
50 18603 1
50 19205 1
50 20401 1
50 20511 2
50 20947 1
50 20948 1
50 22402 1
50 22770 1
50 23069 1
50 23197 1
50 23441 1
50 23509 1
50 23636 1
